98 0.0126095165442087
98.064 0.0126673351840173
98.128 0.0127255522256839
98.192 0.0127841713361751
98.256 0.0128431962247241
98.32 0.0129026306434164
98.384 0.0129624783877846
98.448 0.0130227432974137
98.5119999999999 0.0130834292565556
98.5759999999999 0.0131445401947535
98.6399999999999 0.0132060800874773
98.7039999999999 0.0132680529567686
98.7679999999999 0.0133304628718966
98.8319999999999 0.013393313950025
98.8959999999999 0.0134566103568895
98.9599999999999 0.0135203563074869
99.0239999999999 0.0135845560667752
99.0879999999999 0.0136492139503858
99.1519999999999 0.0137143343253472
99.2159999999999 0.0137799216108208
99.2799999999999 0.0138459802788497
99.3439999999999 0.0139125148551186
99.4079999999998 0.0139795299197281
99.4719999999998 0.014047030107981
99.5359999999998 0.0141150201111822
99.5999999999998 0.0141835046774524
99.6639999999998 0.014252488612555
99.7279999999998 0.0143219767807377
99.7919999999998 0.0143919741055882
99.8559999999998 0.0144624855709045
99.9199999999998 0.01453351622158
99.9839999999998 0.0146050711645043
100.048 0.0146771555694787
100.112 0.0147497746701486
100.176 0.014822933764951
100.24 0.014896638218079
100.304 0.0149708934604631
100.368 0.0150457049907693
100.432 0.0151210783764148
100.496 0.0151970192546019
100.56 0.0152735333333692
100.624 0.0153506263926622
100.688 0.0154283042854225
100.752 0.0155065729386956
100.816 0.0155854383547599
100.88 0.0156649066122739
100.944 0.0157449838674458
101.008 0.0158256763552223
101.072 0.0159069903904998
101.136 0.015988932369357
101.2 0.0160715087703098
101.264 0.0161547261555889
101.328 0.0162385911724401
101.392 0.0163231105544492
101.456 0.01640829112289
101.52 0.0164941397880974
101.584 0.0165806635508655
101.648 0.0166678695038718
101.712 0.0167557648331268
101.776 0.016844356819451
101.84 0.016933652839979
101.904 0.0170236603696913
101.968 0.0171143869829749
102.032 0.017205840355213
102.096 0.0172980282644041
102.16 0.0173909585928117
102.224 0.0174846393286448
102.288 0.0175790785677704
102.352 0.0176742845154582
102.416 0.0177702654881581
102.48 0.0178670299153117
102.543999999999 0.0179645863411984
102.607999999999 0.0180629434268167
102.671999999999 0.0181621099518012
102.735999999999 0.018262094816377
102.799999999999 0.0183629070433512
102.863999999999 0.0184645557801431
102.927999999999 0.0185670503008538
102.991999999999 0.0186704000083757
103.055999999999 0.0187746144365435
103.119999999999 0.0188797032523265
103.183999999999 0.0189856762580647
103.247999999999 0.0190925433937481
103.311999999999 0.0192003147393411
103.375999999999 0.0193090005171529
103.439999999999 0.0194186110942546
103.503999999999 0.0195291569849448
103.567999999999 0.0196406488532634
103.631999999999 0.0197530975155564
103.695999999999 0.0198665139430919
103.759999999999 0.019980909264728
103.823999999999 0.0200962947696354
103.887999999999 0.0202126819100743
103.951999999999 0.0203300823042276
104.015999999999 0.0204485077390921
104.079999999999 0.0205679701734281
104.143999999999 0.0206884817407693
104.207999999999 0.0208100547524948
104.271999999999 0.0209327017009638
104.335999999999 0.0210564352627148
104.399999999999 0.0211812683017317
104.463999999999 0.0213072138727765
104.527999999999 0.0214342852247923
104.591999999999 0.0215624958043766
104.655999999999 0.0216918592593273
104.719999999999 0.0218223894422637
104.783999999999 0.0219541004143229
104.847999999999 0.0220870064489345
104.911999999999 0.0222211220356756
104.975999999999 0.0223564618842069
105.039999999999 0.022493040928293
105.103999999999 0.0226308743299088
105.167999999999 0.0227699774834335
105.231999999999 0.022910366019935
105.295999999999 0.023052055811546
105.359999999999 0.0231950629759359
105.423999999999 0.0233394038808785
105.487999999999 0.02348509514892
105.551999999999 0.0236321536621478
105.615999999999 0.0237805965670649
105.679999999999 0.0239304412795706
105.743999999999 0.0240817054900509
105.807999999999 0.0242344071685814
105.871999999999 0.0243885645702462
105.935999999999 0.0245441962405738
105.999999999999 0.0247013210210954
106.063999999999 0.0248599580550271
106.127999999999 0.0250201267930793
106.191999999999 0.0251818469993979
106.255999999999 0.0253451387576383
106.319999999999 0.0255100224771786
106.383999999999 0.0256765188994729
106.447999999999 0.0258446491045498
106.511999999999 0.0260144345176604
106.575999999999 0.0261858969160773
106.639999999999 0.0263590584360521
106.703999999999 0.0265339415799321
106.767999999999 0.0267105692234429
106.831999999999 0.0268889646231401
106.895999999999 0.027069151424035
106.959999999999 0.0272511536673987
107.023999999999 0.0274349957987496
107.087999999999 0.0276207026760293
107.151999999999 0.027808299577972
107.215999999999 0.0279978122126718
107.279999999999 0.0281892667263549
107.343999999999 0.0283826897123608
107.407999999999 0.028578108220339
107.471999999999 0.0287755497656667
107.535999999999 0.0289750423390941
107.599999999999 0.0291766144166234
107.663999999999 0.0293802949696269
107.727999999999 0.0295861134752135
107.791999999999 0.0297940999268473
107.855999999999 0.0300042848452278
107.919999999999 0.0302166992894381
107.983999999999 0.0304313748683684
108.047999999999 0.0306483437524233
108.111999999999 0.0308676386855208
108.175999999999 0.0310892929973905
108.239999999999 0.0313133406161809
108.303999999999 0.0315398160813836
108.367999999999 0.0317687545570841
108.431999999999 0.0320001918455484
108.495999999999 0.0322341644011552
108.559999999999 0.0324707093446838
108.623999999999 0.0327098644779687
108.687999999999 0.0329516682989299
108.751999999999 0.0331961600169921
108.815999999999 0.0334433795689031
108.879999999999 0.0336933676349633
108.943999999999 0.0339461656556791
109.007999999999 0.0342018158488521
109.071999999999 0.0344603612271177
109.135999999999 0.0347218456159467
109.199999999999 0.034986313672124
109.263999999999 0.0352538109027173
109.327999999999 0.0355243836845541
109.391999999999 0.0357980792842183
109.455999999999 0.0360749458785861
109.519999999999 0.0363550325759156
109.583999999999 0.0366383894375076
109.647999999999 0.0369250674999563
109.711999999999 0.0372151187980069
109.775999999999 0.0375085963880398
109.839999999999 0.0378055543722019
109.903999999999 0.0381060479232031
109.967999999999 0.0384101333098017
110.031999999999 0.0387178679229988
110.095999999999 0.0390293103029651
110.159999999999 0.0393445201667228
110.223999999999 0.0396635584366087
110.287999999999 0.0399864872695407
110.351999999999 0.0403133700871171
110.415999999999 0.040644271606573
110.479999999999 0.0409792578726237
110.543999999999 0.0413183962902228
110.607999999999 0.0416617556582669
110.671999999999 0.0420094062042758
110.735999999999 0.0423614196200824
110.799999999999 0.0427178690985661
110.863999999999 0.0430788293714631
110.927999999999 0.0434443767482908
110.991999999999 0.0438145891564244
111.055999999999 0.0441895461823636
111.119999999999 0.0445693291142305
111.183999999999 0.0449540209855412
111.247999999999 0.0453437066202937
111.311999999999 0.0457384726794186
111.375999999999 0.0461384077086395
111.439999999999 0.0465436021877913
111.503999999999 0.0469541485816485
111.567999999999 0.0473701413923159
111.631999999998 0.0477916772132359
111.695999999998 0.048218854784872
111.759999999998 0.0486517750521246
111.823999999998 0.0490905412235444
111.887999999998 0.0495352588324047
111.951999999998 0.0499860357997028
112.015999999998 0.0504429824991565
112.079999999998 0.0509062118242716
112.143999999998 0.0513758392575539
112.207999999998 0.0518519829419449
112.271999999998 0.052334763754563
112.335999999998 0.0528243053828358
112.399999999998 0.0533207344031114
112.463999999998 0.0538241803618426
112.527999999998 0.0543347758594389
112.591999999998 0.0548526566368884
112.655999999998 0.0553779616652524
112.719999999998 0.0559108332381444
112.783999999998 0.0564514170673051
112.847999999998 0.0569998623813939
112.911999999998 0.0575563220281195
112.975999999998 0.0581209525798406
113.039999999998 0.0586939144427703
113.103999999998 0.0592753719699253
113.167999999998 0.0598654935779687
113.231999999998 0.0604644518680971
113.295999999998 0.0610724237511356
113.359999999998 0.0616895905770065
113.423999999998 0.0623161382687476
113.487999999998 0.0629522574612632
113.551999999998 0.063598143644999
113.615999999998 0.0642539973147419
113.679999999998 0.0649200241237536
113.743999999998 0.0655964350434559
113.807999999998 0.0662834465289001
113.871999999998 0.0669812806902564
113.935999999998 0.0676901654705775
113.999999999998 0.0684103348300981
114.063999999998 0.0691420289373449
114.127999999998 0.0698854943673471
114.191999999998 0.0706409843072486
114.255999999998 0.0714087587696383
114.319999999998 0.072189084813932
114.383999999998 0.0729822367761516
114.447999999998 0.0737884965074685
114.511999999998 0.0746081536218947
114.575999999998 0.0754415057535199
114.639999999998 0.076288858823721
114.703999999998 0.0771505273187833
114.767999999998 0.0780268345783991
114.831999999998 0.0789181130955334
114.895999999998 0.0798247048281671
114.959999999998 0.0807469615234597
115.023999999998 0.0816852450548955
115.087999999998 0.0826399277730112
115.151999999998 0.0836113928703304
115.215999999998 0.0846000347611646
115.279999999998 0.085606259476975
115.343999999998 0.0866304850780243
115.407999999998 0.0876731420820882
115.471999999998 0.0887346739110365
115.535999999998 0.0898155373561368
115.599999999998 0.0909162030629796
115.663999999998 0.0920371560369729
115.727999999998 0.0931788961704063
115.791999999998 0.0943419387921372
115.855999999998 0.0955268152410132
115.919999999998 0.096734073464203
115.983999999998 0.0979642786416766
116.047999999998 0.099218013838142
116.111999999998 0.100495880683822
116.175999999998 0.101798500085535
116.239999999998 0.103126512969613
116.303999999998 0.104480581058315
116.367999999998 0.105861387681426
116.431999999998 0.107269638624912
116.495999999998 0.10870606301853
116.559999999998 0.110171414264469
116.623999999998 0.111666471009172
116.687999999998 0.113192038160656
116.751999999998 0.114748947953758
116.815999999998 0.116338061065894
116.879999999998 0.117960267786078
116.943999999998 0.119616489240108
117.007999999998 0.121307678675002
117.071999999998 0.123034822805987
117.135999999998 0.124798943229491
117.199999999998 0.126601097905887
117.263999999998 0.128442382715881
117.327999999998 0.130323933094774
117.391999999998 0.132246925749028
117.455999999998 0.134212580459897
117.519999999998 0.136222161979167
117.583999999998 0.138276982022391
117.647999999998 0.140378401365368
117.711999999998 0.142527832049958
117.775999999998 0.144726739705791
117.839999999998 0.146976645994809
117.903999999998 0.149279131186096
117.967999999998 0.151635836868922
118.031999999998 0.154048468812507
118.095999999998 0.156518799981562
118.159999999998 0.159048673717327
118.223999999998 0.161640007094488
118.287999999998 0.16429479446509
118.351999999998 0.167015111201359
118.415999999998 0.169803117650207
118.479999999998 0.172661063313091
118.543999999998 0.175591291265918
118.607999999998 0.178596242834754
118.671999999998 0.181678462544248
118.735999999998 0.184840603356961
118.799999999998 0.18808543222313
118.863999999998 0.191415835961896
118.927999999998 0.194834827496591
118.991999999998 0.198345552468456
119.055999999998 0.201951296255001
119.119999999998 0.205655491421282
119.183999999998 0.209461725634599
119.247999999998 0.213373750075488
119.311999999998 0.217395488380557
119.375999999998 0.221531046155525
119.439999999998 0.225784721099951
119.503999999998 0.230161013788525
119.567999999998 0.23466463915748
119.631999999998 0.239300538748699
119.695999999998 0.244073893768526
119.759999999998 0.248990139023032
119.823999999998 0.254054977796803
119.887999999998 0.259274397747999
119.951999999998 0.264654687898759
120.015999999998 0.27020245680689
120.079999999998 0.27592465201232
120.143999999998 0.281828580860091
120.207999999998 0.287921932810709
120.271999999998 0.294212803358685
120.335999999998 0.300709719691014
120.399999999998 0.307421668229429
120.463999999998 0.314358124213509
120.527999999998 0.321529083496324
120.591999999998 0.328945096740393
120.655999999998 0.336617306219501
120.719999999997 0.344557485451467
120.783999999997 0.3527780819086
120.847999999997 0.361292263076486
120.911999999997 0.370113966158127
120.975999999997 0.379257951749733
121.039999999997 0.388739861846773
121.103999999997 0.398576282574779
121.167999999997 0.408784812079109
121.231999999997 0.419384134051938
121.295999999997 0.430394097423657
121.359999999997 0.44183580280014
121.423999999997 0.453731696287658
121.487999999997 0.466105671414207
121.551999999997 0.478983179930574
121.615999999997 0.492391352357276
121.679999999997 0.506359129235698
121.743999999997 0.520917404144333
121.807999999997 0.536099179655126
121.871999999997 0.551939737531926
121.935999999997 0.56847682461435
121.999999999997 0.585750855987549
122.063999999997 0.603805137213125
122.127999999997 0.622686107590638
122.191999999997 0.642443606634796
122.255999999997 0.663131166192501
122.319999999997 0.684806330888757
122.383999999997 0.707531009883112
122.447999999997 0.731371863241067
122.511999999997 0.7564007265797
122.575999999997 0.782695078035402
122.639999999997 0.810338552025281
122.703999999997 0.839421504732873
122.767999999997 0.870041636742472
122.831999999997 0.90230467877203
122.895999999997 0.936325147006966
122.959999999997 0.972227175107583
123.023999999997 1.01014543053728
123.087999999997 1.05022612341664
123.151999999997 1.09262811661987
123.215999999997 1.13752414625144
123.279999999997 1.1851021619134
123.343999999997 1.23556679621272
123.407999999997 1.28914097265098
123.471999999997 1.34606766022946
123.535999999997 1.40661178158207
123.599999999997 1.47106227893494
123.663999999997 1.53973433830898
123.727999999997 1.6129717666297
123.791999999997 1.6911495081268
123.855999999997 1.77467627472553
123.919999999997 1.86399724891789
123.983999999997 1.95959679538305
124.047999999997 2.06200108751394
124.111999999997 2.17178051459586
124.175999999997 2.28955168166437
124.239999999997 2.41597874333471
124.303999999997 2.55177372069681
124.367999999997 2.69769533155248
124.431999999997 2.85454571317951
124.495999999997 3.02316422777705
124.559999999997 3.20441730909944
124.623999999997 3.39918303259082
124.687999999997 3.60832877437101
124.751999999997 3.83267998084254
124.815999999997 4.07297773196977
124.879999999997 4.32982250599617
124.943999999997 4.60360143980667
125.007999999997 4.89439657973749
125.071999999997 5.20187235178588
125.135999999997 5.52514203809959
125.199999999997 5.86261577089841
125.263999999997 6.21183677927212
125.327999999997 6.56931854408953
125.391999999997 6.93040297113434
125.455999999997 7.28916786719932
125.519999999997 7.63841911840195
125.583999999997 7.96980613364726
125.647999999997 8.2740946240944
125.711999999997 8.54161515813576
125.775999999997 8.76287774397114
125.839999999997 8.92930477155643
125.903999999997 9.03399535270287
125.967999999997 9.07240621039316
126.031999999997 9.04283067182743
126.095999999997 8.94658473823857
126.159999999997 8.78786331501648
126.223999999997 8.57329520012714
126.287999999997 8.31128208178211
126.351999999997 8.01123820364515
126.415999999997 7.68284762581211
126.479999999997 7.33543062648444
126.543999999997 6.97747220081795
126.607999999997 6.61632692099898
126.671999999997 6.25808469192969
126.735999999997 5.90756467856912
126.799999999997 5.56839891078235
126.863999999997 5.24316945599635
126.927999999997 4.93356983606407
126.991999999997 4.64056952552881
127.055999999997 4.36456798123456
127.119999999997 4.10553079309126
127.183999999997 3.86310498519688
127.247999999997 3.63671339884189
127.311999999997 3.42562977889867
127.375999999997 3.22903700880387
127.439999999997 3.04607119555367
127.503999999997 2.87585422358419
127.567999999997 2.71751713563547
127.631999999997 2.57021636421936
127.695999999997 2.43314449211122
127.759999999997 2.30553689875921
127.823999999997 2.18667536761191
127.887999999997 2.07588949192985
127.951999999997 1.97255652228605
128.015999999997 1.87610014323273
128.079999999997 1.78598854391158
128.143999999997 1.7017320520205
128.207999999997 1.62288052728382
128.271999999997 1.54902065485996
128.335999999997 1.47977323715928
128.399999999997 1.41479055123663
128.463999999997 1.35375381579251
128.527999999997 1.29637079491098
128.591999999997 1.24237355346111
128.655999999997 1.1915163704184
128.719999999997 1.14357381032159
128.783999999997 1.09833894898577
128.847999999997 1.05562174692366
128.911999999997 1.01524756229497
128.975999999997 0.977055794314705
129.039999999997 0.940898647688527
129.103999999997 0.906640008644458
129.167999999997 0.874154423377406
129.231999999997 0.843326170128973
129.295999999997 0.81404841662731
129.359999999997 0.786222455165601
129.423999999997 0.759757008171395
129.487999999997 0.734567597690851
129.551999999997 0.710575972767241
129.615999999997 0.687709589222594
129.679999999997 0.665901136849349
129.743999999997 0.645088109482594
129.807999999996 0.625212413851749
129.871999999996 0.606220013503679
129.935999999996 0.588060604448399
129.999999999996 0.570687319505345
130.063999999996 0.554056458624651
130.127999999996 0.538127242726232
130.191999999996 0.522861588841758
130.255999999996 0.508223904563228
130.319999999996 0.49418089999869
130.383999999996 0.48070141561286
130.447999999996 0.467756264489788
130.511999999996 0.455318087697958
130.575999999996 0.443361221567016
130.639999999996 0.43186157580103
130.703999999996 0.4207965214572
130.767999999996 0.410144787912373
130.831999999996 0.399886368023766
130.895999999996 0.390002430765829
130.959999999996 0.380475240693136
131.023999999996 0.371288083640318
131.087999999996 0.362425198125117
131.151999999996 0.353871711970177
131.215999999996 0.345613583703888
131.279999999996 0.337637548340838
131.343999999996 0.329931067178774
131.407999999996 0.322482281281776
131.471999999996 0.31527996834893
131.535999999996 0.308313502694597
131.599999999996 0.301572818090542
131.663999999996 0.295048373242124
131.727999999996 0.288731119690577
131.791999999996 0.282612471951365
131.855999999996 0.276684279714932
131.919999999996 0.270938801950936
131.983999999996 0.265368682770472
132.047999999996 0.259966928913025
132.111999999996 0.254726888735969
132.175999999996 0.24964223259451
132.239999999996 0.244706934509191
132.303999999996 0.239915255026437
132.367999999996 0.235261725185239
132.431999999996 0.230741131510068
132.495999999996 0.226348501956454
132.559999999996 0.222079092741464
132.623999999996 0.217928375996659
132.687999999996 0.213892028185918
132.751999999996 0.209965919235015
132.815999999996 0.206146102323866
132.879999999996 0.202428804296124
132.943999999996 0.198810416644211
133.007999999996 0.195287487031022
133.071999999996 0.191856711312417
133.135999999996 0.188514926027268
133.199999999996 0.185259101324284
133.263999999996 0.182086334297043
133.327999999996 0.178993842700759
133.391999999996 0.175978959026191
133.455999999996 0.173039124907868
133.519999999996 0.17017188584541
133.583999999996 0.167374886218211
133.647999999996 0.16464586457515
133.711999999996 0.161982649182232
133.775999999996 0.159383153812274
133.839999999996 0.156845373761805
133.903999999996 0.154367382081375
133.967999999996 0.151947326006383
134.031999999996 0.149583423576424
134.095999999996 0.147273960431912
134.159999999996 0.145017286777511
134.223999999996 0.14281181450259
134.287999999996 0.140656014449522
134.351999999996 0.138548413821298
134.415999999996 0.136487593720416
134.479999999996 0.134472186811561
134.543999999996 0.132500875101044
134.607999999996 0.130572387826424
134.671999999996 0.128685499450136
134.735999999996 0.126839027751347
134.799999999996 0.125031832010605
134.863999999996 0.12326281128219
134.927999999996 0.12153090274938
134.991999999996 0.119835080158138
135.055999999996 0.118174352325005
135.119999999996 0.116547761715212
135.183999999996 0.11495438308729
135.247999999996 0.113393322200666
135.311999999996 0.111863714582925
135.375999999996 0.110364724353632
135.439999999996 0.108895543101791
135.503999999996 0.107455388814153
135.567999999996 0.106043504851791
135.631999999996 0.104659158972475
135.695999999996 0.103301642396525
135.759999999996 0.101970268913963
135.823999999996 0.100664374030899
135.887999999996 0.0993833141531933
135.951999999996 0.0981264658055613
136.015999999996 0.0968932248843778
136.079999999996 0.0956830059425335
136.143999999996 0.0944952415047901
136.207999999996 0.0933293814121618
136.271999999996 0.0921848921939291
136.335999999996 0.0910612564659695
136.399999999996 0.0899579723541536
136.463999999996 0.0888745529416269
136.527999999996 0.0878105257388565
136.591999999996 0.0867654321753805
136.655999999996 0.0857388271122547
136.719999999996 0.0847302783742416
136.783999999996 0.0837393663008364
136.847999999996 0.0827656833152717
136.911999999996 0.0818088335106849
136.975999999996 0.0808684322526733
137.039999999996 0.0799441057975042
137.103999999996 0.0790354909252787
137.167999999996 0.078142234587388
137.231999999996 0.0772639935676291
137.295999999996 0.0764004341563822
137.359999999996 0.0755512318372782
137.423999999996 0.0747160709858134
137.487999999996 0.0738946445793968
137.551999999996 0.073086653918336
137.615999999996 0.0722918083572967
137.679999999996 0.0715098250467874
137.743999999996 0.0707404286842476
137.807999999996 0.0699833512743332
137.871999999996 0.0692383318980146
137.935999999996 0.0685051164901199
137.999999999996 0.0677834576249737
138.063999999996 0.0670731143097961
138.127999999996 0.0663738517855444
138.191999999996 0.0656854413348938
138.255999999996 0.0650076600970646
138.319999999996 0.0643402908892225
138.383999999996 0.063683122034184
138.447999999996 0.0630359471941765
138.511999999996 0.0623985652104116
138.575999999996 0.0617707799482394
138.639999999996 0.061152400147666
138.703999999996 0.0605432392790209
138.767999999996 0.0599431154035751
138.831999999996 0.0593518510389159
138.895999999995 0.0587692730288949
138.959999999995 0.0581952124179727
139.023999999995 0.0576295043297912
139.087999999995 0.0570719878498128
139.151999999995 0.0565225059118717
139.215999999995 0.055980905188489
139.279999999995 0.0554470359848099
139.343999999995 0.0549207521360279
139.407999999995 0.0544019109081649
139.471999999995 0.0538903729020831
139.535999999995 0.0533860019606097
139.599999999995 0.052888665078658
139.663999999995 0.0523982323162382
139.727999999995 0.0519145767142486
139.791999999995 0.05143757421295
139.855999999995 0.0509671035730235
139.919999999995 0.0505030462991203
139.983999999995 0.0500452865658133
140.047999999995 0.0495937111458655
140.111999999995 0.0491482093407324
140.175999999995 0.0487086729132195
140.239999999995 0.0482749960222189
140.303999999995 0.0478470751594528
140.367999999995 0.0474248090881527
140.431999999995 0.0470080987836077
140.495999999995 0.0465968473755171
140.559999999995 0.0461909600920851
140.623999999995 0.0457903442057979
140.687999999995 0.0453949089808251
140.751999999995 0.045004565621991
140.815999999995 0.0446192272252618
140.879999999995 0.0442388087296982
140.943999999995 0.0438632268708238
141.007999999995 0.0434924001353613
141.071999999995 0.0431262487172924
141.135999999995 0.0427646944751958
141.199999999995 0.0424076608908223
141.263999999995 0.0420550730288655
141.327999999995 0.0417068574978889
141.391999999995 0.0413629424123724
141.455999999995 0.0410232573558406
141.519999999995 0.0406877333450388
141.583999999995 0.0403563027951227
141.647999999995 0.0400288994858285
141.711999999995 0.0397054585285927
141.775999999995 0.0393859163345916
141.839999999995 0.0390702105836702
141.903999999995 0.0387582801941335
141.967999999995 0.0384500652933717
142.031999999995 0.0381455071892948
142.095999999995 0.0378445483425497
142.159999999995 0.0375471323394964
142.223999999995 0.0372532038659192
142.287999999995 0.0369627086814503
142.351999999995 0.0366755935946845
142.415999999995 0.0363918064389624
142.479999999995 0.0361112960488028
142.543999999995 0.0358340122369646
142.607999999995 0.0355599057721179
142.671999999995 0.0352889283571073
142.735999999995 0.0350210326077888
142.799999999995 0.0347561720324227
142.863999999995 0.0344943010116072
142.927999999995 0.0342353747787351
142.991999999995 0.0339793494009593
143.055999999995 0.0337261817606509
143.119999999995 0.0334758295373365
143.183999999995 0.0332282511900998
143.247999999995 0.0329834059404345
143.311999999995 0.032741253755535
143.375999999995 0.0325017553320119
143.439999999995 0.0322648720800211
143.503999999995 0.0320305661077931
143.567999999995 0.0317988002065522
143.631999999995 0.0315695378358141
143.695999999995 0.0313427431090502
143.759999999995 0.0311183807797103
143.823999999995 0.0308964162275906
143.887999999995 0.0306768154455405
143.951999999995 0.0304595450264955
144.015999999995 0.0302445721508298
144.079999999995 0.0300318645740179
144.143999999995 0.0298213906145969
144.207999999995 0.0296131191424221
144.271999999995 0.0294070195672067
144.335999999995 0.0292030618273377
144.399999999995 0.029001216378962
144.463999999995 0.0288014541853331
144.527999999995 0.0286037467064133
144.591999999995 0.0284080658887224
144.655999999995 0.0282143841554286
144.719999999995 0.0280226743966729
144.783999999995 0.0278329099601221
144.847999999995 0.0276450646417434
144.911999999995 0.0274591126767956
144.975999999995 0.0272750287310301
145.039999999995 0.027092787892097
145.103999999995 0.02691236566115
145.167999999995 0.0267337379446459
145.231999999995 0.0265568810463328
145.295999999995 0.026381771659422
145.359999999995 0.0262083868589396
145.423999999995 0.0260367040942522
145.487999999995 0.0258667011817629
145.551999999995 0.0256983562977724
145.615999999995 0.0255316479715018
145.679999999995 0.0253665550782727
145.743999999995 0.0252030568328398
145.807999999995 0.0250411327828732
145.871999999995 0.0248807628025862
145.935999999995 0.0247219270865045
145.999999999995 0.0245646061433734
146.063999999995 0.0244087807902003
146.127999999995 0.0242544321464279
146.191999999995 0.0241015416282356
146.255999999995 0.0239500909429654
146.319999999995 0.0238000620836698
146.383999999995 0.0236514373237782
146.447999999995 0.0235041992118793
146.511999999995 0.0233583305666152
146.575999999995 0.0232138144716875
146.639999999995 0.0230706342709687
146.703999999995 0.0229287735637201
146.767999999995 0.0227882161999103
146.831999999995 0.022648946275635
146.895999999995 0.0225109481286325
146.959999999995 0.0223742063338956
147.023999999995 0.0222387056993749
147.087999999995 0.0221044312617731
147.151999999995 0.0219713682824277
147.215999999995 0.0218395022432798
147.279999999995 0.021708818842926
147.343999999995 0.0215793039927542
147.407999999995 0.0214509438131578
147.471999999995 0.0213237246298294
147.535999999995 0.02119763297013
147.599999999995 0.0210726555595336
147.663999999995 0.020948779318144
147.727999999995 0.0208259913572833
147.791999999995 0.0207042789761496
147.855999999995 0.0205836296585426
147.919999999995 0.0204640310696558
147.983999999994 0.0203454710529333
148.047999999994 0.0202279376269897
148.111999999994 0.0201114189825925
148.175999999994 0.0199959034797041
148.239999999994 0.0198813796445838
148.303999999994 0.0197678361669465
148.367999999994 0.0196552618971787
148.431999999994 0.0195436458436094
148.495999999994 0.0194329771698341
148.559999999994 0.0193232451920932
148.623999999994 0.0192144393766998
148.687999999994 0.0191065493375195
148.751999999994 0.018999564833499
148.815999999994 0.0188934757662419
148.879999999994 0.0187882721776334
148.943999999994 0.0186839442475088
149.007999999994 0.018580482291369
149.071999999994 0.0184778767581391
149.135999999994 0.0183761182279695
149.199999999994 0.0182751974100804
149.263999999994 0.0181751051406468
149.327999999994 0.0180758323807232
149.391999999994 0.0179773702142092
149.455999999994 0.0178797098458521
149.519999999994 0.0177828425992884
149.583999999994 0.0176867599151216
149.647999999994 0.0175914533490362
149.711999999994 0.0174969145699475
149.775999999994 0.0174031353581853
149.839999999994 0.0173101076037121
149.903999999994 0.0172178233043737
149.967999999994 0.0171262745641836
150.031999999994 0.0170354535916373
150.095999999994 0.0169453526980592
150.159999999994 0.0168559642959795
150.223999999994 0.0167672808975402
150.287999999994 0.0166792951129315
150.351999999994 0.016591999648856
150.415999999994 0.0165053873070205
150.479999999994 0.0164194509826563
150.543999999994 0.0163341836630654
150.607999999994 0.0162495784261936
150.671999999994 0.0161656284392285
150.735999999994 0.0160823269572235
150.799999999994 0.0159996673217465
150.863999999994 0.0159176429595517
150.927999999994 0.0158362473812768
150.991999999994 0.0157554741801617
151.055999999994 0.0156753170307912
151.119999999994 0.0155957696878592
151.183999999994 0.0155168259849551
151.247999999994 0.0154384798333715
151.311999999994 0.015360725220933
151.375999999994 0.015283556210845
151.439999999994 0.0152069669405634
151.503999999994 0.0151309516206835
151.567999999994 0.0150555045338483
151.631999999994 0.0149806200336759
151.695999999994 0.0149062925437054
151.759999999994 0.0148325165563611
151.823999999994 0.0147592866319342
151.887999999994 0.0146865973975825
151.951999999994 0.0146144435463471
152.015999999994 0.0145428198361854
152.079999999994 0.0144717210890215
152.143999999994 0.0144011421898122
152.207999999994 0.0143310780856286
152.271999999994 0.0142615237847544
152.335999999994 0.0141924743557977
152.399999999994 0.0141239249268195
152.463999999994 0.0140558706844759
152.527999999994 0.0139883068731746
152.591999999994 0.0139212287942463
152.655999999994 0.0138546318051289
152.719999999994 0.0137885113185664
152.783999999994 0.0137228628018201
152.847999999994 0.0136576817758938
152.911999999994 0.0135929638147709
152.975999999994 0.0135287045446647
153.039999999994 0.0134648996432811
153.103999999994 0.0134015448390929
153.167999999994 0.0133386359106265
153.231999999994 0.01327616868576
153.295999999994 0.0132141390410329
153.359999999994 0.0131525429009666
153.423999999994 0.0130913762373968
153.487999999994 0.0130306350688156
153.551999999994 0.0129703154597255
153.615999999994 0.0129104135200026
153.679999999994 0.0128509254042707
153.743999999994 0.0127918473112856
153.807999999994 0.0127331754833287
153.871999999994 0.0126749062056106
153.935999999994 0.0126170358056843
153.999999999994 0.0125595606528679
154.063999999994 0.0125024771576756
154.127999999994 0.0124457817712585
154.191999999994 0.0123894709848545
154.255999999994 0.0123335413292457
154.319999999994 0.0122779893742255
154.383999999994 0.0122228117280735
154.447999999994 0.0121680050370387
154.511999999994 0.0121135659848307
154.575999999994 0.0120594912921191
154.639999999994 0.0120057777160404
154.703999999994 0.0119524220497128
154.767999999994 0.0118994211217582
154.831999999994 0.0118467717958319
154.895999999994 0.0117944709701595
154.959999999994 0.0117425155770804
155.023999999994 0.0116909025825995
155.087999999994 0.0116396289859443
155.151999999994 0.01158869181913
155.215999999994 0.0115380881465302
155.279999999994 0.0114878150644553
155.343999999994 0.0114378697007362
155.407999999994 0.0113882492143147
155.471999999994 0.0113389507948406
155.535999999994 0.0112899716622741
155.599999999994 0.0112413090664943
155.663999999994 0.0111929602869145
155.727999999994 0.011144922632102
155.791999999994 0.0110971934394041
155.855999999994 0.0110497700745803
155.919999999994 0.0110026499314387
155.983999999994 0.0109558304314792
156.047999999994 0.0109093090235407
156.111999999994 0.0108630831834546
156.175999999994 0.0108171504137028
156.239999999994 0.0107715082430806
156.303999999994 0.0107261542263654
156.367999999994 0.0106810859439893
156.431999999994 0.010636301001717
156.495999999994 0.0105917970303283
156.559999999994 0.0105475716853055
156.623999999994 0.0105036226465246
156.687999999994 0.0104599476179519
156.751999999994 0.0104165443273444
156.815999999994 0.0103734105259548
156.879999999994 0.0103305439882406
156.943999999994 0.0102879425115773
157.007999999994 0.0102456039159764
157.071999999993 0.0102035260438063
157.135999999993 0.0101617067595182
157.199999999993 0.0101201439493755
157.263999999993 0.0100788355211869
157.327999999993 0.010037779404044
157.391999999993 0.00999697354806142
157.455999999993 0.00995641592412183
157.519999999993 0.0099161045236239
157.583999999993 0.00987603735823394
157.647999999993 0.00983621245964114
157.711999999993 0.00979662787931615
157.775999999993 0.00975728168827306
157.839999999993 0.00971817197683479
157.903999999993 0.00967929685440163
157.967999999993 0.00964065444922317
158.031999999993 0.00960224290817322
158.095999999993 0.00956406039652802
158.159999999993 0.00952610509774743
158.223999999993 0.00948837521325919
158.287999999993 0.00945086896224615
158.351999999993 0.00941358458143637
158.415999999993 0.00937652032489626
158.479999999993 0.0093396744638264
158.543999999993 0.00930304528636024
158.607999999993 0.00926663109736552
158.671999999993 0.00923043021824847
158.735999999993 0.00919444098676056
158.799999999993 0.00915866175680798
158.863999999993 0.00912309089826366
158.927999999993 0.00908772679678184
158.991999999993 0.00905256785361516
159.055999999993 0.00901761248543417
159.119999999993 0.00898285912414938
159.183999999993 0.00894830621673555
159.247999999993 0.0089139522250585
159.311999999993 0.00887979562570406
159.375999999993 0.00884583490980951
159.439999999993 0.00881206858289705
159.503999999993 0.00877849516470969
159.567999999993 0.00874511318904919
159.631999999993 0.00871192120361616
159.695999999993 0.00867891776985236
159.759999999993 0.00864610146278499
159.823999999993 0.00861347087087308
159.887999999993 0.0085810245958559
159.951999999993 0.00854876125260335
160.015999999993 0.0085166794689683
160.079999999993 0.00848477788564092
160.143999999993 0.00845305515600483
160.207999999993 0.00842150994599522
160.271999999993 0.00839014093395869
160.335999999993 0.00835894681051506
160.399999999993 0.00832792627842087
160.463999999993 0.00829707805243467
160.527999999993 0.00826640085918406
160.591999999993 0.00823589343703444
160.655999999993 0.00820555453595947
160.719999999993 0.00817538291741315
160.783999999993 0.00814537735420356
160.847999999993 0.00811553663036829
160.911999999993 0.00808585954105128
160.975999999993 0.00805634489238145
161.039999999993 0.00802699150135272
161.103999999993 0.00799779819570561
161.167999999993 0.00796876381381036
161.231999999993 0.00793988720455148
161.295999999993 0.00791116722721382
161.359999999993 0.00788260275136999
161.423999999993 0.00785419265676934
161.487999999993 0.00782593583322816
161.551999999993 0.0077978311805214
161.615999999993 0.00776987760827571
161.679999999993 0.00774207403586373
161.743999999993 0.00771441939229985
161.807999999993 0.00768691261613714
161.871999999993 0.00765955265536564
161.935999999993 0.00763233846731187
161.999999999993 0.00760526901853961
