-3.14159265358979 0 2.74117529839133 0
-3.11001885807633 0.0863978848323383 2.72678771813667 0.00136514982794677
-3.07844506256286 0.171887228630888 2.68362497737269 0.00544625626737885
-3.0468712670494 0.255559490361861 2.61168707609938 0.0122002901850716
-3.01529747153593 0.336506128991469 2.51097401431676 0.021555536358984
-2.98372367602247 0.413818603485923 2.38148579202482 0.0334115934782584
-2.952149880509 0.486588372811434 2.22322240922355 0.0476393741432211
-2.92057608499554 0.553906895934215 2.03618386591296 0.0640811048653815
-2.88900228948207 0.614865631820477 1.82037016209306 0.0825503260674331
-2.85742849396861 0.668556039436432 1.57578129776383 0.102831892083252
-2.82585469845514 0.71406957774829 1.30241727292528 0.1246819711579
-2.79428090294168 0.750497705722264 1.00027808757741 0.147828045447619
-2.76270710742821 0.776931882324566 0.669363741720218 0.171968911019839
-2.73113331191475 0.792463566521406 0.309674235353707 0.196774677853169
-2.69955951640128 0.796184217278996 -0.0787904315221266 0.221886769837404
-2.66798572088782 0.787185293563548 -0.496030258907281 0.246917924773523
-2.63641192537435 0.764668485162605 -0.926247419288855 0.271452771233098
-2.60483812986089 0.729134214505456 -1.31743893622238 0.295067780105513
-2.57326433434742 0.681929084273146 -1.66552246591319 0.3173730093032
-2.54169053883395 0.624414177239872 -1.97049800836129 0.338021452767061
-2.51011674332049 0.557950576179832 -2.23236556356668 0.356709078987189
-2.47854294780702 0.483899363867226 -2.45112513152936 0.373174831002864
-2.44696915229356 0.403621623076252 -2.62677671224932 0.387200626402557
-2.41539535678009 0.318478436581107 -2.75932030572658 0.398611357323927
-2.38382156126663 0.229830887155991 -2.84875591196112 0.407274890453825
-2.35224776575316 0.139040057575103 -2.89508353095295 0.413102067028288
-2.3206739702397 0.0474670306126392 -2.89830316270207 0.416046702832546
-2.28910017472623 -0.0435271109572002 -2.85841480720847 0.416105588201016
-2.25752637921277 -0.132581284360217 -2.77541846447217 0.413318488017304
-2.2259525836993 -0.218334406822213 -2.64931413449315 0.407768141714209
-2.19437878818584 -0.29942539556899 -2.48010181727142 0.399580263273715
-2.16280499267237 -0.374493167826349 -2.26778151280698 0.388923541226998
-2.13123119715891 -0.442176640820093 -2.01235322109982 0.376009638654423
-2.09965740164544 -0.501114731776021 -1.71381694214996 0.361093193185545
-2.06808360613198 -0.549946357919936 -1.37217267595738 0.344471816999107
-2.03650981061851 -0.58731043647764 -0.987420422522092 0.326486096823043
-2.00493601510505 -0.611845884674934 -0.559560181844089 0.307519593934475
-1.97336221959158 -0.622227072939192 -0.0966913059642151 0.287998727768044
-1.94178842407812 -0.61838538496116 0.331615205774805 0.268377724013111
-1.91021462856465 -0.601818245111048 0.709385484306589 0.249083110653227
-1.87864083305119 -0.574121274082162 1.03661952963114 0.230491488602873
-1.84706703753772 -0.536890092567808 1.31331734174845 0.212929078975044
-1.81549324202426 -0.491720321261291 1.53947892065852 0.196671723081245
-1.78391944651079 -0.440207580855919 1.71510426636136 0.181944882431497
-1.75234565099733 -0.383947492044996 1.84019337885696 0.16892363873433
-1.72077185548386 -0.32453567552183 1.91474625814533 0.15773269389679
-1.6891980599704 -0.263567751979725 1.93876290422646 0.148446370024434
-1.65762426445693 -0.202639342111989 1.91224331710035 0.141088609421329
-1.62605046894346 -0.143346066611927 1.835187496767 0.135632974590059
-1.59447667343 -0.0871638886981717 1.72362927775781 0.132003317967544
-1.56290287791653 -0.034371924825667 1.62261434778549 0.130093036359381
-1.53132908240307 0.0154396669824786 1.53484158113211 0.129801446496473
-1.4997552868896 0.062688992083053 1.46031097779765 0.131041047307224
-1.46818149137614 0.107794155832844 1.39902253778214 0.133737538893078
-1.43660769586267 0.15117326358864 1.35097626108555 0.137829822528517
-1.40503390034921 0.193244420707229 1.3161721477079 0.14327000066106
-1.37346010483574 0.234425732545398 1.29461019764918 0.150023376911266
-1.34188630932228 0.275135304459936 1.2862904109094 0.158068456072731
-1.31031251380881 0.31579124180763 1.29121278748855 0.16739694411209
-1.27873871829535 0.356811649945268 1.30937732738663 0.178013748169016
-1.24716492278188 0.398614634229638 1.34078403060365 0.189936976556221
-1.21559112726842 0.441618300017529 1.3854328971396 0.203197938759455
-1.18401733175495 0.486240752665728 1.44332392699448 0.217841145437505
-1.15244353624149 0.532817094477177 1.50205111242461 0.233923891919943
-1.12086974072802 0.58060046878915 1.51669720351904 0.251500084422192
-1.08929594521456 0.628086056017239 1.48318818644177 0.270584278783587
-1.05772214970109 0.673753416623102 1.40152406119278 0.291143069712097
-1.02614835418763 0.716082111068396 1.27170482777209 0.313095045868619
-0.994574558674161 0.753551699814779 1.09373048617968 0.336310789866973
-0.963000763160696 0.784641743323909 0.867601036415569 0.360612878273908
-0.931426967647231 0.807831802057443 0.593316478479744 0.385775881609095
-0.899853172133765 0.821601436477039 0.270876812372209 0.411526364345133
-0.8682793766203 0.824430207044354 -0.0997179619070359 0.437542884907548
-0.836705581106835 0.814797674221047 -0.518467844357992 0.463455995674789
-0.805131785593369 0.791183398468775 -0.985372834980657 0.488848242978232
-0.773557990079904 0.752066940249194 -1.50043293377503 0.51325416710218
-0.741984194566439 0.695927860023964 -2.06364814074112 0.536160302283861
-0.710410399052974 0.621264476040126 -2.6688785178412 0.557005219692831
-0.678836603539508 0.528147455904917 -3.21323137690229 0.575196090663579
-0.647262808026043 0.419383665708713 -3.66000231569579 0.590191783267445
-0.615689012512578 0.298054137047854 -4.0091913342217 0.601546909516874
-0.584115216999112 0.16723990151868 -4.26079843248001 0.608913361285906
-0.552541421485647 0.0300219907175325 -4.41482361047073 0.61204031031017
-0.520967625972182 -0.110518563759249 -4.47126686819386 0.610774208186891
-0.489393830458717 -0.251300730315325 -4.43012820564939 0.605058786374888
-0.457820034945251 -0.389243477354353 -4.29140762283733 0.594935056194573
-0.426246239431786 -0.521265773279995 -4.05510511975768 0.580541308827949
-0.394672443918321 -0.644286586495911 -3.72122069641044 0.562113115318616
-0.363098648404855 -0.755224885405758 -3.2897543527956 0.539983326571764
-0.33152485289139 -0.850999638413198 -2.76070608891317 0.51458207335418
-0.299951057377925 -0.92852981392189 -2.13407590476314 0.48643676629424
-0.26837726186446 -0.984734380335495 -1.40986380034553 0.456172095881918
-0.236803466350994 -1.01653230605767 -0.588069775660317 0.424510032468777
-0.205229670837529 -1.02084255949208 0.331306169292482 0.392269826267977
-0.173655875324064 -0.994584109042377 1.34826403451288 0.360368007354269
-0.142082079810599 -0.935339952281304 2.38135893043476 0.329814325236699
-0.110508284297133 -0.84602037219697 3.24749611406527 0.301620217250373
-0.078934488783668 -0.732098079846138 3.93978495216575 0.27664911044148
-0.0473606932702027 -0.599062127340926 4.45822544473617 0.255591150711724
-0.0157868977567375 -0.452401566793456 4.80281759177655 0.238963173753858
0.0157868977567278 -0.297605450315846 4.97356139328689 0.227108705051684
0.047360693270193 -0.140162830020218 4.97045684926718 0.220197959880052
0.0789344887836583 0.0144372419813095 4.79350395971742 0.218227843304865
0.110508284297124 0.160705713576617 4.44270272463762 0.22102195018307
0.142082079810589 0.293153532653583 3.91805314402777 0.228230565162666
0.173655875324054 0.406291647100088 3.21955521788788 0.239330662682702
0.205229670837519 0.494631004804013 2.34720894621795 0.253625906973274
0.236803466350985 0.55373794050636 1.41103831429082 0.270254244773201
0.26837726186445 0.584691974767373 0.564878794062308 0.288296816472737
0.299951057377915 0.590366943990937 -0.190230372374871 0.306910082462452
0.33152485289138 0.573637653429089 -0.854289185020713 0.325341270968664
0.363098648404846 0.537378908333865 -1.42729764387522 0.342928378730864
0.394672443918311 0.484465513957301 -1.90925574893839 0.35910017100171
0.426246239431776 0.417772275551433 -2.30016350021023 0.373376181547029
0.457820034945242 0.340173998368298 -2.60002089769073 0.385366712645816
0.489393830458707 0.254545487659931 -2.80882794137989 0.394772835090236
0.520967625972172 0.163761548678371 -2.92658463127772 0.401386388185622
0.552541421485637 0.0706969866756512 -2.95329096738421 0.405089979750476
0.584115216999103 -0.0217733930961901 -2.88894694969936 0.405856986116471
0.615689012512568 -0.110774785385117 -2.73355257822318 0.403751552128444
0.647262808026033 -0.193432384939094 -2.48710785295567 0.398928591144406
0.678836603539499 -0.266871386506083 -2.14961277389681 0.391633785035534
0.710410399052964 -0.32821698483405 -1.72106734104663 0.382203584186174
0.741984194566429 -0.374594374670958 -1.2014715544051 0.371065207493841
0.773557990079894 -0.403239232336329 -0.612059608794614 0.358736211242289
0.80513178559336 -0.413996820454296 -0.0831516803874507 0.345790650006492
0.836705581106825 -0.409360626337345 0.363039012361182 0.332755322715279
0.86827937662029 -0.391942347069598 0.726512469451284 0.320075038906276
0.899853172133756 -0.364353679735177 1.00726869088286 0.30811214692743
0.931426967647221 -0.329206321418203 1.2053076766559 0.297146533937012
0.963000763160686 -0.289111969202798 1.32062942677041 0.287375625903618
0.994574558674151 -0.246682320173083 1.35323394122639 0.278914387606163
1.02614835418762 -0.20452907141318 1.30312122002384 0.271795322633887
1.05772214970108 -0.16526392000721 1.17029126316276 0.265968473386353
1.08929594521455 -0.131498563039295 0.954744070643154 0.261301421073447
1.12086974072801 -0.105844697593557 0.656479642465015 0.257579285715376
1.15244353624148 -0.0909140207541158 0.275497978628348 0.254504726142671
1.18401733175494 -0.0892824057200901 -0.178688798475966 0.251698041184229
1.21559112726841 -0.101711754620897 -0.597656461336442 0.248717641800702
1.24716492278187 -0.12632990887427 -0.950772430129848 0.245146906618212
1.27873871829534 -0.161057680557521 -1.23803670485618 0.240633812716157
1.3103125138088 -0.20381588174796 -1.45944928551545 0.234891985028238
1.34188630932227 -0.2525253245229 -1.61501017210764 0.227700696342463
1.37346010483573 -0.30510682095965 -1.70471936463277 0.218904867301145
1.4050339003492 -0.359481183135522 -1.72857686309082 0.2084150664009
1.43660769586266 -0.413569223127827 -1.68658266748181 0.196207509992651
1.46818149137613 -0.465291753013876 -1.57873677780572 0.182324062281625
1.49975528688959 -0.512569584870981 -1.40503919406257 0.166872235327355
1.53132908240306 -0.553323530776451 -1.16548991625234 0.150025189043679
1.56290287791652 -0.585474402807598 -0.860088944375046 0.132021731198739
1.59447667342999 -0.606943013041734 -0.488836278430679 0.113166317414982
1.62605046894345 -0.615650173556169 -0.0517319184192431 0.0938290511691615
1.65762426445692 -0.609516696428215 0.451224135659264 0.0744456837923351
1.68919805997039 -0.586463393735181 1.02003188380484 0.0555176144698653
1.72077185548385 -0.544599767382937 1.62565825420131 0.0376109705010387
1.75234565099732 -0.484671704937259 2.15600143848458 0.0213179085418952
1.78391944651078 -0.409363020397993 2.59992326374249 0.00716699476761986
1.81549324202425 -0.321402364083001 2.95742372997504 -0.00439922312851655
1.84706703753771 -0.223518386310145 3.22850283718223 -0.0130243513004071
1.87864083305118 -0.118439737397287 3.41316058536406 -0.0184381497491087
1.91021462856464 -0.00889506766229109 3.51139697452053 -0.0204565323228423
1.94178842407811 0.102386972576981 3.52321200465164 -0.0189815667169928
1.97336221959157 0.212677733002668 3.44860567575739 -0.0140014744741091
2.00493601510504 0.319248563296906 3.28757798783778 -0.00559063098390394
2.0365098106185 0.419370813141832 3.04012894089281 0.00609043451674606
2.06808360613197 0.510315832219585 2.70625853492248 0.0207950389438002
2.09965740164543 0.589354970212302 2.28596676992679 0.0381903453660538
2.1312311971589 0.653759576802121 1.77925364590574 0.0578573630051385
2.16280499267236 0.700801001671179 1.18611916285933 0.0792909472355217
2.19437878818583 0.727751627387336 0.507464817231165 0.101899800472076
2.22595258369929 0.732971242089418 -0.165883039255471 0.125016021692651
2.25752637921276 0.71796812067566 -0.77351745220902 0.147972332523758
2.28910017472622 0.684817085974662 -1.31543842162948 0.170162979446409
2.32067397023969 0.635592960815024 -1.79164594751685 0.191047718973336
2.35224776575315 0.572370568025344 -2.20214002987114 0.210151817648987
2.38382156126662 0.497224730434222 -2.54692066869233 0.227066052049527
2.41539535678008 0.412230270870258 -2.82598786398044 0.241446708782837
2.44696915229355 0.31946201216205 -3.03934161573546 0.253015584488515
2.47854294780701 0.220994777138198 -3.1869819239574 0.261559985837877
2.51011674332048 0.118903388627302 -3.26890878864624 0.266932729533956
2.54169053883395 0.0152626694579601 -3.285122209802 0.2690521423115
2.57326433434741 -0.0878525575412272 -3.23562218742466 0.267902060936974
2.60483812986088 -0.188367469541661 -3.12040872151424 0.263531832208563
2.63641192537434 -0.284207243714742 -2.93948181207074 0.256056312956166
2.66798572088781 -0.373297057231871 -2.69284145909414 0.245655870041399
2.69955951640127 -0.453562087264448 -2.38048766258446 0.232576380357595
2.73113331191474 -0.522927510983875 -2.00242042254169 0.217129230829805
2.7627071074282 -0.57931850556155 -1.55863973896583 0.199691318414797
2.79428090294167 -0.620940521607462 -1.08277874254115 0.180703298408627
2.82585469845513 -0.648125906408584 -0.646173471496056 0.16063240531412
2.8574284939686 -0.662182447830584 -0.251149654836206 0.139913884542172
2.88900228948206 -0.664423030211373 0.102292707438397 0.118941537138157
2.92057608499553 -0.656160537888864 0.414153615327754 0.0980677114058257
2.95214988050899 -0.638707855200969 0.684433068831866 0.0776033029073154
2.98372367602246 -0.6133778664856 0.913131067950731 0.0578177544631432
3.01529747153592 -0.58148345608067 1.10024761268435 0.0389390561522085
3.04687126704939 -0.54433750832409 1.24578270303272 0.0211537453117925
3.07844506256285 -0.503252907553772 1.34973633899585 0.00460690653755866
3.11001885807632 -0.459542538107631 1.41210852057373 -0.010597828316448
3.14159265358979 -0.414519284323562 1.43289924776637 -0.0243982801378042
