-3.14159265358979 0 -1.00048764818965 0
-3.11001885807633 -0.0315839421173951 -0.999988788276811 -0.000498653907938832
-3.07844506256286 -0.0631363824330345 -0.998492208538295 -0.00199411831603186
-3.0468712670494 -0.0946258191451626 -0.995997908974101 -0.00448490127710867
-3.01529747153593 -0.126020750452024 -0.992505889584229 -0.00796851621255192
-2.98372367602247 -0.157289674551862 -0.98801615036868 -0.0124414819122973
-2.952149880509 -0.188401089642922 -0.982528691327453 -0.0178993225348336
-2.92057608499554 -0.219323493923448 -0.976043512460548 -0.0243365676072027
-2.88900228948207 -0.250025385591684 -0.968560613767966 -0.0317467520249994
-2.85742849396861 -0.280475262845875 -0.960079995249706 -0.0401224160523718
-2.82585469845514 -0.310641623884264 -0.950601656905768 -0.0494551053220207
-2.79428090294168 -0.340492966905097 -0.940125598736153 -0.0597353708352003
-2.76270710742821 -0.369997790106618 -0.92865182074086 -0.0709527689617178
-2.73113331191475 -0.39912459168707 -0.916180322919889 -0.0830958614399333
-2.69955951640128 -0.427841869844699 -0.902711105273241 -0.0961522153767601
-2.66798572088782 -0.456118122777748 -0.888244167800915 -0.110108403247664
-2.63641192537435 -0.483922342332957 -0.872850258173011 -0.124950005480025
-2.60483812986089 -0.51122933649276 -0.856762262172 -0.140661699802473
-2.57326433434742 -0.538017702702494 -0.839998461825066 -0.157227448190891
-2.54169053883395 -0.564266103253932 -0.822558857132207 -0.174630538736218
-2.51011674332049 -0.589953200438849 -0.804443448093424 -0.192853585816958
-2.47854294780702 -0.615057656549021 -0.785652234708718 -0.211878530099176
-2.44696915229356 -0.639558133876221 -0.766185216978087 -0.231686638536502
-2.41539535678009 -0.663433294712224 -0.746042394901533 -0.25225850437013
-2.38382156126663 -0.686661801348806 -0.725223768479054 -0.273574047128818
-2.35224776575316 -0.70922231607774 -0.703729337710652 -0.295612512628887
-2.3206739702397 -0.731093501190802 -0.681559102596325 -0.318352472974223
-2.28910017472623 -0.752254018979766 -0.658713063136075 -0.341771826556274
-2.25752637921277 -0.772682531736407 -0.6351912193299 -0.365847798054054
-2.2259525836993 -0.7923577017525 -0.610993571177802 -0.390556938434138
-2.19437878818584 -0.811258191319818 -0.586120118679779 -0.415875124950666
-2.16280499267237 -0.829362662730138 -0.560570861835833 -0.441777561145344
-2.13123119715891 -0.846649778275233 -0.534345800645962 -0.468238776847438
-2.09965740164544 -0.863098200246878 -0.507444935110168 -0.495232628173781
-2.06808360613198 -0.878686590936849 -0.479868265228449 -0.522732297528767
-2.03650981061851 -0.893393612636919 -0.451615791000807 -0.550710293604356
-2.00493601510505 -0.907197927638863 -0.422687512427241 -0.57913845138007
-1.97336221959158 -0.920078382427473 -0.3931255087565 -0.607987932727696
-1.94178842407812 -0.932020354154873 -0.363291228086208 -0.637229304611706
-1.91021462856465 -0.943017356156797 -0.333267660809493 -0.666832827453683
-1.87864083305119 -0.953063411936638 -0.303054806926354 -0.696768570622406
-1.84706703753772 -0.962152544997793 -0.272652666436792 -0.727006414785975
-1.81549324202426 -0.970278778843656 -0.242061239340805 -0.757516051911806
-1.78391944651079 -0.977436136977623 -0.211280525638395 -0.788266985266635
-1.75234565099733 -0.983618642903089 -0.180310525329561 -0.819228529416516
-1.72077185548386 -0.98882032012345 -0.149151238414304 -0.85036981022682
-1.6891980599704 -0.993035192142101 -0.117802664892623 -0.88165976486224
-1.65762426445693 -0.996257282462437 -0.0862648047645178 -0.913067141786782
-1.62605046894346 -0.998480614587854 -0.0545376580299892 -0.944560500763774
-1.59447667343 -0.999699867006479 -0.0227089911812586 -0.976108216521882
-1.56290287791653 -0.999916269542739 0.00897462332313314 -1.00767858415062
-1.53132908240307 -0.999134823262727 0.04049841230287 -1.03924001821398
-1.4997552868896 -0.997360574464875 0.0718623757579521 -1.07076109250288
-1.46818149137614 -0.994598569447618 0.103066513688379 -1.10221054013904
-1.43660769586267 -0.990853854509388 0.134110826094152 -1.13355725357497
-1.40503390034921 -0.986131475948618 0.16499531297527 -1.16477028459396
-1.37346010483574 -0.980436480063743 0.195719974331732 -1.19581884431012
-1.34188630932228 -0.973773913153195 0.226284810163541 -1.22667230316834
-1.31031251380881 -0.966148821515407 0.256689820470694 -1.25730019094431
-1.27873871829535 -0.957566251448813 0.286935005253192 -1.28767219674451
-1.24716492278188 -0.948031249251846 0.317020364511036 -1.31775816900621
-1.21559112726842 -0.937548861222939 0.346945898244225 -1.3475281154975
-1.18401733175495 -0.926124133660526 0.376711606452759 -1.37695220331724
-1.15244353624149 -0.913762689724756 0.406231268804074 -1.40600076178973
-1.12086974072802 -0.900477672066636 0.43519271555709 -1.43464439487067
-1.08929594521456 -0.886287491092648 0.463567632782373 -1.46285423107379
-1.05772214970109 -0.871210665766163 0.491356020479923 -1.49060198331465
-1.02614835418763 -0.855265715050552 0.51855787864974 -1.51785994922272
-0.994574558674161 -0.838471157909187 0.545173207291824 -1.54460101114149
-0.963000763160696 -0.820845513305438 0.571202006406175 -1.57079863612839
-0.931426967647231 -0.802407300202678 0.596644275992793 -1.59642687595479
-0.899853172133765 -0.783175037564277 0.621500016051678 -1.62146036710605
-0.8682793766203 -0.763167244353606 0.645769226582829 -1.6458743307815
-0.836705581106835 -0.742402439534037 0.669451907586248 -1.6696445728944
-0.805131785593369 -0.720899142068942 0.692548059061934 -1.69274748407199
-0.773557990079904 -0.69867587092169 0.715057681009887 -1.71516003965549
-0.741984194566439 -0.675751145055654 0.736980773430106 -1.73685979970006
-0.710410399052974 -0.652143523713987 0.758304151644232 -1.75782490906711
-0.678836603539508 -0.627874942545347 0.778806867657209 -1.77803413299161
-0.647262808026043 -0.602973212810931 0.798410103778234 -1.79746703552057
-0.615689012512578 -0.577466734504916 0.817113860007308 -1.81610407409847
-0.584115216999112 -0.551383907621478 0.83491813634443 -1.83392660286537
-0.552541421485647 -0.524753132154796 0.851822932789601 -1.85091687265694
-0.520967625972182 -0.497602808099046 0.867828249342821 -1.86705803100448
-0.489393830458717 -0.469961335448404 0.882934086004089 -1.88233412213487
-0.457820034945251 -0.441857114197048 0.897140442773407 -1.89673008697061
-0.426246239431786 -0.413318544339155 0.910447319650773 -1.91023176312983
-0.394672443918321 -0.384374025868902 0.922854716636187 -1.92282588492623
-0.363098648404855 -0.355051958780465 0.934362633729651 -1.93450008336915
-0.33152485289139 -0.325380743068022 0.944971070931163 -1.94524288616352
-0.299951057377925 -0.295388778725749 0.954680028240723 -1.9550437177099
-0.26837726186446 -0.265104465747824 0.963489505658333 -1.96389289910443
-0.236803466350994 -0.234556204128423 0.971399503183991 -1.97178164813888
-0.205229670837529 -0.203772393861723 0.978410020817698 -1.97870207930062
-0.173655875324064 -0.172781434941902 0.984521058559453 -1.98464720377263
-0.142082079810599 -0.141612051054755 0.98969291479758 -1.98961093141283
-0.110508284297133 -0.110295562756405 0.993836337076512 -1.99358811537259
-0.078934488783668 -0.0788645396994454 0.996947966447072 -1.9965746250695
-0.0473606932702027 -0.0473515595021761 0.999027802909259 -1.99856735850606
-0.0157868977567375 -0.015789199782899 1.00007584646307 -1.99956424228379
0.0157868977567278 0.0157899618400849 1.00009209710851 -1.9995642316033
0.047360693270193 0.0473533477484743 0.99907655484558 -1.99856731026424
0.0789344887836583 0.0788683803239679 0.997029219674274 -1.99657449066534
0.110508284297124 0.110302481948265 0.993950091594595 -1.99358781380436
0.142082079810589 0.141623075003063 0.989839170606544 -1.98961034927814
0.173655875324054 0.172797581870062 0.984696456710119 -1.98464619528256
0.205229670837519 0.203793424930961 0.978521949905321 -1.97870047861259
0.236803466350985 0.234578640804491 0.971379684348111 -1.97177935024325
0.26837726186445 0.265124474793381 0.963359192557958 -1.96388992194318
0.299951057377915 0.295403216495384 0.954461079375618 -1.95504018937685
0.33152485289138 0.325387156072124 0.944685344801089 -1.9452390231139
0.363098648404846 0.355048583685226 0.934031988834372 -1.93449616862872
0.394672443918311 0.384359789496315 0.922501011475467 -1.9228222463005
0.426246239431776 0.413293063667017 0.910092412724373 -1.91022875141319
0.457820034945242 0.441820696358955 0.896806192581092 -1.89672805415549
0.489393830458707 0.469914977733755 0.882642351045622 -1.8823333996209
0.520967625972172 0.497548197953041 0.867600888117964 -1.86705890780768
0.552541421485637 0.524692647178438 0.851681803798118 -1.85091957361885
0.584115216999103 0.551320615571571 0.834885098086084 -1.83393126686221
0.615689012512568 0.577404393294065 0.817210770981861 -1.81611073225034
0.647262808026033 0.602916270507545 0.798658822485451 -1.79747558940057
0.678836603539499 0.627828537373634 0.779229252596852 -1.77804433283501
0.710410399052964 0.65211348405396 0.758922061316065 -1.75783633198055
0.741984194566429 0.675743400710145 0.73773724864309 -1.73687183116884
0.773557990079894 0.698690766862913 0.715711208774144 -1.71517194889737
0.80513178559336 0.720932534714756 0.693067303042322 -1.69275861983121
0.836705581106825 0.742450195373911 0.669843603634388 -1.66965441697467
0.86827937662029 0.763225442553409 0.646040110550343 -1.64588249213967
0.899853172133756 0.783239969966281 0.621656823790186 -1.62146657513708
0.931426967647221 0.802475471325556 0.596693743353918 -1.59643097377673
0.963000763160686 0.820913640344266 0.571150869241538 -1.57080057386743
0.994574558674151 0.83853617073544 0.545028201453047 -1.54460083921692
1.02614835418762 0.85532475621211 0.518325739988444 -1.51785781163194
1.05772214970108 0.871261090487305 0.49104348484773 -1.49059811091815
1.08929594521455 0.886326867274056 0.463181436030904 -1.46284893488021
1.12086974072801 0.900503780285394 0.434739593537966 -1.43463805932171
1.15244353624148 0.913773523234349 0.405717957368918 -1.40599383804522
1.18401733175494 0.926117896267616 0.376144788278948 -1.37694520255164
1.21559112726841 0.937524088885624 0.346342217378701 -1.34752160121696
1.24716492278187 0.947987116449516 0.316401254834328 -1.31775274124231
1.27873871829534 0.957502609409819 0.286321900645827 -1.28766847090988
1.3103125138088 0.966066198217061 0.256104154813199 -1.25729877646511
1.34188630932227 0.97367351332177 0.225748017336444 -1.22667378211671
1.37346010483573 0.980320185174472 0.195253488215562 -1.19582375003665
1.4050339003492 0.986001844225697 0.164620567450553 -1.16477908036015
1.43660769586266 0.99071412092597 0.133849255041416 -1.13357031118572
1.46818149137613 0.994452645725821 0.102939550988153 -1.10222811857511
1.49975528688959 0.997213049075775 0.0718914552907617 -1.07078331655333
1.53132908240306 0.998990961426362 0.0407049679492438 -1.03926685710866
1.56290287791652 0.999782013228107 0.00938008896359877 -1.00770983019263
1.59447667342999 0.99958183493154 -0.0220831816661735 -0.976143463720058
1.62605046894345 0.998386056987188 -0.0536848439400729 -0.944599123568993
1.65762426445692 0.996190309845577 -0.0854248978580994 -0.91310831358076
1.68919805997039 0.992990223957236 -0.117303343420253 -0.881702675559945
1.72077185548385 0.988782057661625 -0.149223569459866 -0.850413986213843
1.75234565099732 0.983570842200225 -0.180812543231374 -0.819274028377521
1.78391944651078 0.977368057506369 -0.212033201075568 -0.788314292792631
1.81549324202425 0.970185332711832 -0.242885542992449 -0.757565903475442
1.84706703753771 0.962034296948386 -0.273369568982016 -0.727059617266393
1.87864083305118 0.952926579347805 -0.303485279044269 -0.696825823830097
1.91021462856464 0.942873809041862 -0.333232673179209 -0.666894545655336
1.94178842407811 0.931887615162331 -0.362611751386835 -0.637295438055064
1.97336221959157 0.919979626840985 -0.391622513667147 -0.608057789166407
2.00493601510504 0.907161473209598 -0.420264960020146 -0.579210519950662
2.0365098106185 0.893444783399942 -0.448539090445831 -0.550782184193298
2.06808360613197 0.878841186543791 -0.476444904944202 -0.522800968503954
2.09965740164543 0.863362311772918 -0.503982403515259 -0.495294692316441
2.1312311971589 0.847019788219098 -0.531151586159003 -0.468290807888742
2.16280499267236 0.829825245014102 -0.557952452875433 -0.44181640030301
2.19437878818583 0.811790314150367 -0.584382506895931 -0.415898187463114
2.22595258369929 0.79292963927958 -0.61019019716188 -0.390562493646445
2.25752637921276 0.773266584046717 -0.635208221639931 -0.365835035619915
2.28910017472622 0.752826081197889 -0.659436580330083 -0.341740753966287
2.32067397023969 0.731633063479206 -0.682875273232338 -0.318303802046898
2.35224776575315 0.70971246363678 -0.705524300346694 -0.295547546001654
2.38382156126662 0.687089214416722 -0.727383661673152 -0.273494564749036
2.41539535678008 0.663788248565143 -0.748453357211712 -0.252166649986098
2.44696915229355 0.639834498828154 -0.768733386962373 -0.231584806188466
2.47854294780701 0.615252897951866 -0.788223750925137 -0.211769250610339
2.51011674332048 0.590068378682391 -0.806924449100002 -0.192739413284487
2.54169053883395 0.564305873765839 -0.824835481486969 -0.174513937022256
2.57326433434741 0.537990315948321 -0.841956848086038 -0.157110677413562
2.60483812986088 0.511146637975949 -0.858288548897209 -0.140546702826894
2.63641192537434 0.483799772594833 -0.873830583920482 -0.124838294409316
2.66798572088781 0.455974652551085 -0.888582953155856 -0.110000946086461
2.69955951640127 0.427696210590815 -0.902545656603332 -0.096049364562538
2.73113331191474 0.398989379460135 -0.91571869426291 -0.0829974693203267
2.7627071074282 0.369879091905157 -0.92810206613459 -0.0708583926211804
2.79428090294167 0.3403908372651 -0.939628980413571 -0.0596444760263508
2.82585469845513 0.310554328668787 -0.950157771348151 -0.0493671965632027
2.8574284939686 0.280401216365835 -0.959683820288961 -0.0400370504148288
2.88900228948206 0.249963160726906 -0.968207127236002 -0.0316635341428868
2.92057608499553 0.219271822122665 -0.975727692189274 -0.0242551446709652
2.95214988050899 0.188358860923775 -0.982245515148776 -0.0178193792845831
2.98372367602246 0.157255937500901 -0.987760596114508 -0.0123627356311906
3.01529747153592 0.125994712224707 -0.992272935086471 -0.00789071172016842
3.04687126704939 0.0946068454658571 -0.995782532064664 -0.004407805922828
3.07844506256285 0.0631239975950148 -0.998289387049088 -0.0019175169724117
3.11001885807632 0.0315778289828443 -0.999793500039743 -0.000422343964092568
3.14159265358979 6.76542155630955E-17 -1.00029487103663 7.62136450255593E-05
