-3.14159265358979 -1 0.0025378905375156 0
-3.11001885807633 -0.999920209820422 0.0025055228145443 -0.0315725331850973
-3.07844506256286 -0.999842463584576 0.00240841964563043 -0.0631425739809895
-3.0468712670494 -0.999768805236196 0.00224658103077398 -0.0947102191902689
-3.01529747153593 -0.999701278719013 0.00202000696997494 -0.126275630150589
-2.98372367602247 -0.999641927976762 0.00172869746323333 -0.157839032734665
-2.952149880509 -0.999592796953173 0.00137265251054913 -0.189400717350274
-2.92057608499554 -0.999555929591981 0.000951872111922349 -0.220961038940252
-2.88900228948207 -0.999533369836917 0.000466356267352988 -0.252520416982501
-2.85742849396861 -0.999527161631715 -8.38950231589549E-05 -0.284079335489981
-2.82585469845514 -0.999539348920107 -0.000698881759613479 -0.315638343010714
-2.79428090294168 -0.999571975645825 -0.00137860394201058 -0.347198052627783
-2.76270710742821 -0.999627085752602 -0.00212306157035027 -0.378759141959336
-2.73113331191475 -0.999706723184172 -0.00293225464463254 -0.410322353158577
-2.69955951640128 -0.999812931884266 -0.00380618316485739 -0.441888492913775
-2.66798572088782 -0.999947755796617 -0.00474484713102482 -0.473458432448261
-2.63641192537435 -1.00011282117286 -0.00568838463165178 -0.50503310533456
-2.60483812986089 -1.00030483304251 -0.00643974340937999 -0.536613431893005
-2.57326433434742 -1.00051729004688 -0.00698345444464457 -0.568200161010624
-2.54169053883395 -1.00074363595861 -0.00731951773744553 -0.599793834715431
-2.51011674332049 -1.00097731455036 -0.00744793328778287 -0.631394788030455
-2.47854294780702 -1.00121176959475 -0.00736870109565658 -0.663003148973745
-2.44696915229356 -1.00144044486443 -0.00708182116106666 -0.694618838558365
-2.41539535678009 -1.00165678413203 -0.00658729348401313 -0.726241570792402
-2.38382156126663 -1.00185423117021 -0.00588511806449597 -0.757870852678955
-2.35224776575316 -1.00202622975159 -0.00497529490251519 -0.789505984216147
-2.3206739702397 -1.00216622364883 -0.00385782399807078 -0.821146058397115
-2.28910017472623 -1.00226765663456 -0.00253270535116275 -0.852789961210015
-2.25752637921277 -1.00232397248142 -0.00099993896179109 -0.884436371638022
-2.2259525836993 -1.00232861496205 0.000740475170044188 -0.916083761659327
-2.19437878818584 -1.00227502784909 0.00268853704434309 -0.947730396247141
-2.16280499267237 -1.00215665491519 0.00484424666110561 -0.979374333369693
-2.13123119715891 -1.00196693993299 0.00720760402033176 -1.01101342399023
-2.09965740164544 -1.00169932667511 0.00977860912202153 -1.04264531206701
-2.06808360613198 -1.00134725891422 0.0125572619661749 -1.07426743455332
-2.03650981061851 -1.00090418042294 0.015543562552792 -1.10587702139747
-2.00493601510505 -1.00036353497391 0.0187375108818726 -1.13747109554276
-1.97336221959158 -0.999719519750483 0.021966988831188 -1.16904647540096
-1.94178842407812 -0.998993044537372 0.0237535534699853 -1.200600094718
-1.91021462856465 -0.998238298816207 0.0237577464891835 -1.2321301820804
-1.87864083305119 -0.997511558824033 0.0219795678887826 -1.26363673330812
-1.84706703753772 -0.996869100797899 0.0184190176687825 -1.29512152107551
-1.81549324202426 -0.996367200974849 0.0130760958291833 -1.32658809491134
-1.78391944651079 -0.996062135591931 0.00595080236998491 -1.35804178119877
-1.75234565099733 -0.99601018088619 -0.0029568627088126 -1.38948968317537
-1.72077185548386 -0.996267613094672 -0.0136468994072092 -1.42094068093309
-1.6891980599704 -0.996890708454424 -0.026119307725205 -1.4524054314183
-1.65762426445693 -0.997935743202492 -0.0403740876628 -1.48389636843177
-1.62605046894346 -0.999458993575922 -0.0564112392199941 -1.51542770262866
-1.59447667343 -1.00150292386136 -0.0723799918718363 -1.54701534421157
-1.56290287791653 -1.00397184744284 -0.0830807640128389 -1.57867468040914
-1.53132908240307 -1.0066905518769 -0.0882020271086385 -1.61041637667963
-1.4997552868896 -1.00948287088589 -0.0877437811592351 -1.64224553843358
-1.46818149137614 -1.01217263819215 -0.0817060261646287 -1.67416170884352
-1.43660769586267 -1.01458368751801 -0.0700887621248193 -1.70615886884395
-1.40503390034921 -1.01653985258583 -0.0528919890398069 -1.73822543713132
-1.37346010483574 -1.01786496711795 -0.0301157069095915 -1.77034427016409
-1.34188630932228 -1.0183828648367 -0.00175991573417317 -1.80249266216266
-1.31031251380881 -1.01791737946442 0.0321753844864482 -1.83464234510942
-1.27873871829535 -1.01629234472346 0.0716901937522725 -1.86675948874873
-1.24716492278188 -1.01333159433616 0.1167845120633 -1.89880470058693
-1.21559112726842 -1.00885896202485 0.16745833941953 -1.9307330258923
-1.18401733175495 -1.00269828151189 0.223711675820964 -1.96249394769515
-1.15244353624149 -0.994707876762535 0.280389455266757 -1.9940315598568
-1.12086974072802 -0.985195657942026 0.318827221579628 -2.02529128775943
-1.08929594521456 -0.974784491401999 0.337332100577413 -2.05623483128221
-1.05772214970109 -0.964103734050535 0.33590409226011 -2.08684374282683
-1.02614835418763 -0.953782742795712 0.314543196627721 -2.11711944598129
-0.994574558674161 -0.94445087454561 0.273249413680245 -2.14708323551993
-0.963000763160696 -0.93673748620831 0.212022743417683 -2.17677627740339
-0.931426967647231 -0.931271934691889 0.130863185840033 -2.20625960877865
-0.899853172133765 -0.928683576904429 0.0297707409472965 -2.23561413797899
-0.8682793766203 -0.929601769754007 -0.0912545912605269 -2.26494064452403
-0.836705581106835 -0.934655870148705 -0.232212810783437 -2.29435977911969
-0.805131785593369 -0.9444752349966 -0.393103917621434 -2.32401206365824
-0.773557990079904 -0.959689221205774 -0.573927911774518 -2.35405789121823
-0.741984194566439 -0.980927185684304 -0.774684793242689 -2.38467752606458
-0.710410399052974 -1.00880862343958 -0.992146491232525 -2.41607108105207
-0.678836603539508 -1.04312636722028 -1.17221720225095 -2.44844980951029
-0.647262808026043 -1.0822346941489 -1.29559959656982 -2.48199241724294
-0.615689012512578 -1.12434373890597 -1.36229367418913 -2.51682190472193
-0.584115216999112 -1.16766363617201 -1.37229943510888 -2.55300475957757
-0.552541421485647 -1.21040452062756 -1.32561687932908 -2.59055095659858
-0.520967625972182 -1.25077652695312 -1.22224600684972 -2.62941395773208
-0.489393830458717 -1.28698978982924 -1.0621868176708 -2.66949071208361
-0.457820034945251 -1.31725444393644 -0.84543931179233 -2.7106216559171
-0.426246239431786 -1.33978062395524 -0.572003489214299 -2.7525907126549
-0.394672443918321 -1.35277846456616 -0.241879349936711 -2.79512529287775
-0.363098648404855 -1.35445810044974 0.144933106040434 -2.83789629432482
-0.33152485289139 -1.3430296662865 0.588433878717137 -2.88051810189365
-0.299951057377925 -1.31670329675696 1.0886229680934 -2.92254858764023
-0.26837726186446 -1.27368912654166 1.64550037416921 -2.96348911077893
-0.236803466350994 -1.21219729032111 2.25906609694458 -3.00278451768253
-0.205229670837529 -1.13043792277584 2.92932013641951 -3.03982314188221
-0.173655875324064 -1.02662115858638 3.656262492594 -3.07393680406758
-0.142082079810599 -0.899413321641113 4.38394038299119 -3.10440360160732
-0.110508284297133 -0.751140590284944 4.98656739692391 -3.13051079092521
-0.078934488783668 -0.585889535455866 5.45940965722951 -3.15165763036853
-0.0473606932702027 -0.407757954425669 5.80246716390799 -3.16737274133034
-0.0157868977567375 -0.220843644466141 6.01573991695934 -3.17731412821683
0.0157868977567278 -0.0292444028490693 6.09922791638357 -3.18126917844727
0.047360693270193 0.162941973153757 6.05293116218068 -3.17915466245409
0.0789344887836583 0.35161768627055 5.87684965435067 -3.1710167336828
0.110508284297124 0.532684939229522 5.57098339289354 -3.15703092859204
0.142082079810589 0.702045934758884 5.13533237780928 -3.13750216665356
0.173655875324054 0.855602875586848 4.56989660909791 -3.11286475035224
0.205229670837519 0.989257964441626 3.87467608675941 -3.08368236518605
0.236803466350985 1.09966000951936 3.12750436421081 -3.05064270839914
0.26837726186445 1.18735797625823 2.43720827038593 -3.01448044267938
0.299951057377915 1.25417017130157 1.80452298956969 -2.97588372687337
0.33152485289138 1.3019155866787 1.22944852176208 -2.93548328782461
0.363098648404846 1.3324132144189 0.711984866963114 -2.89385241989417
0.394672443918311 1.34748204655148 0.252132025172784 -2.85150698496078
0.426246239431776 1.34894107510574 -0.150110003608907 -2.80890541242079
0.457820034945242 1.33860929211097 -0.494741219381961 -2.76644869918817
0.489393830458707 1.31830568959648 -0.781761622146377 -2.72448040969453
0.520967625972172 1.28984925959155 -1.01117121190215 -2.68328667588907
0.552541421485637 1.25505899412551 -1.18296998864929 -2.64309619723867
0.584115216999103 1.21575388522763 -1.2971579523878 -2.6040802407278
0.615689012512568 1.17375292492722 -1.35373510311766 -2.56635264085855
0.647262808026033 1.13087510525359 -1.35270144083888 -2.52996979965068
0.678836603539499 1.08893941823602 -1.29405696555147 -2.49493068664152
0.710410399052964 1.04976485590383 -1.17780167725542 -2.46117683888607
0.741984194566429 1.0151704102863 -1.00393557595073 -2.42859236095693
0.773557990079894 0.986924552086797 -0.782168694383475 -2.3970041220913
0.80513178559336 0.965602432992663 -0.572094211795491 -2.36619723022811
0.836705581106825 0.950568217005665 -0.383869851632379 -2.33596247690243
0.86827937662029 0.941132012828417 -0.21749561389414 -2.30611222039072
0.899853172133756 0.936603929163531 -0.0729714985807725 -2.27648060145618
0.931426967647221 0.93629407471362 0.0497024943077225 -2.24692354334879
0.963000763160686 0.939512558181298 0.150526364771346 -2.21731875180526
0.994574558674151 0.945569488269176 0.229500112810096 -2.18756571504904
1.02614835418762 0.953774973679869 0.286623738423974 -2.15758570379036
1.05772214970108 0.963439123115988 0.321897241612981 -2.12732177122616
1.08929594521455 0.973872045280146 0.335320622377115 -2.09673875304018
1.12086974072801 0.984383848874958 0.326893880716377 -2.06582326740287
1.15244353624148 0.994284642603035 0.296617016630767 -2.03458371497144
1.18401733175494 1.00289081906844 0.246158560479649 -2.00305026114037
1.21559112726841 1.00983696125132 0.194537308264532 -1.97127124500517
1.24716492278187 1.01521969520541 0.147126549701464 -1.9392979439513
1.27873871829534 1.01917196219627 0.103926284790445 -1.90717762198031
1.3103125138088 1.02182670348949 0.0649365135314754 -1.87495334563343
1.34188630932227 1.02331686035066 0.0301572359245544 -1.84266398399153
1.37346010483573 1.02377537404535 -0.000411548030317732 -1.81034420867517
1.4050339003492 1.02333518583915 -0.0267698383331408 -1.77802449384456
1.43660769586266 1.02212923699763 -0.048917634983915 -1.74573111619957
1.46818149137613 1.02029046878637 -0.0668549379826403 -1.71348615497976
1.49975528688959 1.01795182247096 -0.0805817473293165 -1.68130749196432
1.53132908240306 1.01524623931698 -0.0900980630239439 -1.64920881147214
1.56290287791652 1.01230666059 -0.0954038850665221 -1.61719960036176
1.59447667342999 1.00926602755561 -0.0964992134570515 -1.58528514803138
1.62605046894345 1.00625728147939 -0.093384048195532 -1.55346654641887
1.65762426445692 1.00341336362692 -0.0860583892819636 -1.52174069000177
1.68919805997039 1.00086721526377 -0.0745222367163462 -1.49010027579728
1.72077185548385 0.99874503713226 -0.0598127322342558 -1.45853383621794
1.75234565099732 0.99707885097716 -0.0459344629088089 -1.42702712149841
1.78391944651078 0.995831450443716 -0.0332853151248291 -1.39556630116431
1.81549324202425 0.994964027499718 -0.0218652888823163 -1.36413876522247
1.84706703753771 0.994437774112953 -0.0116743841812707 -1.33273312899663
1.87864083305118 0.99421388225121 -0.00271260102169222 -1.3013392331274
1.91021462856464 0.994253543882278 0.00502006059641918 -1.26994814357224
1.94178842407811 0.994517950973946 0.0115236006730635 -1.23855215160551
1.97336221959157 0.994968295494002 0.0167980192082407 -1.20714477381842
2.00493601510504 0.995565769410233 0.0208433162019508 -1.17572075211907
2.0365098106185 0.99627156469043 0.0236594916541938 -1.14427605373242
2.06808360613197 0.997046873302381 0.0252465455649696 -1.11280787120033
2.09965740164543 0.997852887213873 0.0256044779342784 -1.0813146223815
2.1312311971589 0.998650798392695 0.0247332887621201 -1.04979595045151
2.16280499267236 0.999401798806637 0.0226329780484947 -1.01825272390284
2.19437878818583 1.00006709061017 0.0193124366739005 -0.986687036536063
2.22595258369929 1.00061860034062 0.0156674266183306 -0.955102113279068
2.25752637921276 1.00105930603829 0.0122937028806861 -0.923501548555772
2.28910017472622 1.00139777324191 0.00919126546096713 -0.891888705646761
2.32067397023969 1.00164256749021 0.00636011435917367 -0.860266677386058
2.35224776575315 1.00180225432192 0.00380024957530571 -0.828638286161114
2.38382156126662 1.00188539927577 0.00151167110936325 -0.797006083912814
2.41539535678008 1.00190056789048 -0.000505621038653705 -0.765372352135472
2.44696915229355 1.00185632570478 -0.00225162686874516 -0.733739101876838
2.47854294780701 1.00176123825741 -0.00372634638091112 -0.702108073738089
2.51011674332048 1.00162387108707 -0.00492977957515156 -0.670480737873836
2.54169053883395 1.00145278973252 -0.00586192645146651 -0.638858293992124
2.57326433434741 1.00125655973246 -0.00652278700985595 -0.607241671354426
2.60483812986088 1.00104374662564 -0.0069123612503199 -0.575631528775648
2.63641192537434 1.00082291595077 -0.00703064917285834 -0.544028254624129
2.66798572088781 1.00060263324659 -0.00687765077747128 -0.512431966821637
2.69955951640127 1.00039146405183 -0.00645336606415872 -0.480842512843376
2.73113331191474 1.0001979739052 -0.00575779503292066 -0.449259469717977
2.7627071074282 1.00003072834545 -0.00479093768375707 -0.417682144027506
2.79428090294167 0.999897327518445 -0.00366864225351763 -0.386109577941108
2.82585469845513 0.999798045542885 -0.00263662343139306 -0.354540677277333
2.8574284939686 0.999729796663759 -0.00170289211613749 -0.322974413240761
2.88900228948206 0.999689477571424 -0.00086744830775092 -0.291409854990382
2.92057608499553 0.999673984956236 -0.000130292006233358 -0.259846169668451
2.95214988050899 0.999680215508553 0.000508576788415201 -0.228282622400487
2.98372367602246 0.999705065918729 0.00104915807619475 -0.196718576295275
3.01529747153592 0.999745432877123 0.00149145185710531 -0.165153492444861
3.04687126704939 0.99979821307409 0.00183545813114685 -0.133586929924557
3.07844506256285 0.999860303199988 0.00208117689831939 -0.102018545792938
3.11001885807632 0.999928599945172 0.00222860815862293 -0.0704480950918452
3.14159265358979 1 0.00227775191205746 -0.0388754308463717
