-3.141592653589793 0
-2.6573447063989803 0.7811272723357126
-1.9864940854719508 -0.6196995636654229
-1.6168651060484576 -0.1266324651789106
-1.1725151956085202 0.5029805878019766
-0.7195755332628825 0.6449235390532958
-0.16654141075020845 -0.9841318124169338
0.20802646330467384 0.5010762011040648
0.7579489821821613 -0.3914327490129186
1.1727189431727154 -0.0881928967679930
1.701274453030094 -0.5727359950902219
2.1909415509248396 0.7258747769002317
2.7692811393559302 -0.5892357233437207
3.141592653589793 -0.4145192843235621