-3.14159265358979 -1 0 0
-3.11001885807633 -1 0 -0.0315737955134652
-3.07844506256286 -1 0 -0.0631475910269303
-3.0468712670494 -1 0 -0.0947213865403955
-3.01529747153593 -1 0 -0.126295182053861
-2.98372367602247 -1 0 -0.157868977567326
-2.952149880509 -1 0 -0.189442773080791
-2.92057608499554 -1 0 -0.221016568594256
-2.88900228948207 -1 0 -0.252590364107721
-2.85742849396861 -1 0 -0.284164159621187
-2.82585469845514 -1 0 -0.315737955134652
-2.79428090294168 -1 0 -0.347311750648117
-2.76270710742821 -1 0 -0.378885546161582
-2.73113331191475 -1 0 -0.410459341675047
-2.69955951640128 -1 0 -0.442033137188512
-2.66798572088782 -1 0 -0.473606932701978
-2.63641192537435 -1 0 -0.505180728215443
-2.60483812986089 -1 0 -0.536754523728908
-2.57326433434742 -1 0 -0.568328319242373
-2.54169053883395 -1 0 -0.599902114755838
-2.51011674332049 -1 0 -0.631475910269303
-2.47854294780702 -1 0 -0.663049705782769
-2.44696915229356 -1 0 -0.694623501296234
-2.41539535678009 -1 0 -0.726197296809699
-2.38382156126663 -1 0 -0.757771092323164
-2.35224776575316 -1 0 -0.789344887836629
-2.3206739702397 -1 0 -0.820918683350095
-2.28910017472623 -1 0 -0.85249247886356
-2.25752637921277 -1 0 -0.884066274377025
-2.2259525836993 -1 0 -0.91564006989049
-2.19437878818584 -1 0 -0.947213865403955
-2.16280499267237 -1 0 -0.97878766091742
-2.13123119715891 -1 0 -1.01036145643089
-2.09965740164544 -1 0 -1.04193525194435
-2.06808360613198 -1 0 -1.07350904745782
-2.03650981061851 -1 0 -1.10508284297128
-2.00493601510505 -1 0 -1.13665663848475
-1.97336221959158 -1 0 -1.16823043399821
-1.94178842407812 -1 0 -1.19980422951168
-1.91021462856465 -1 0 -1.23137802502514
-1.87864083305119 -1 0 -1.26295182053861
-1.84706703753772 -1 0 -1.29452561605207
-1.81549324202426 -1 0 -1.32609941156554
-1.78391944651079 -1 0 -1.357673207079
-1.75234565099733 -1 0 -1.38924700259247
-1.72077185548386 -1 0 -1.42082079810593
-1.6891980599704 -1 0 -1.4523945936194
-1.65762426445693 -1 0 -1.48396838913286
-1.62605046894346 -1 0 -1.51554218464633
-1.59447667343 -1 0 -1.54711598015979
-1.56290287791653 -1 0 -1.57868977567326
-1.53132908240307 -1 0 -1.61026357118672
-1.4997552868896 -1 0 -1.64183736670019
-1.46818149137614 -1 0 -1.67341116221365
-1.43660769586267 -1 0 -1.70498495772712
-1.40503390034921 -1 0 -1.73655875324058
-1.37346010483574 -1 0 -1.76813254875405
-1.34188630932228 -1 0 -1.79970634426751
-1.31031251380881 -1 0 -1.83128013978098
-1.27873871829535 -1 0 -1.86285393529445
-1.24716492278188 -1 0 -1.89442773080791
-1.21559112726842 -1 0 -1.92600152632138
-1.18401733175495 -1 0 -1.95757532183484
-1.15244353624149 -1 0 -1.98914911734831
-1.12086974072802 -1 0 -2.02072291286177
-1.08929594521456 -1 0 -2.05229670837524
-1.05772214970109 -1 0 -2.0838705038887
-1.02614835418763 -1 0 -2.11544429940217
-0.994574558674161 -1 0 -2.14701809491563
-0.963000763160696 -1 0 -2.1785918904291
-0.931426967647231 -1 0 -2.21016568594256
-0.899853172133765 -1 0 -2.24173948145603
-0.8682793766203 -1 0 -2.27331327696949
-0.836705581106835 -1 0 -2.30488707248296
-0.805131785593369 -1 0 -2.33646086799642
-0.773557990079904 -1 0 -2.36803466350989
-0.741984194566439 -1 0 -2.39960845902335
-0.710410399052974 -1 0 -2.43118225453682
-0.678836603539508 -1 0 -2.46275605005028
-0.647262808026043 -1 0 -2.49432984556375
-0.615689012512578 -1 0 -2.52590364107722
-0.584115216999112 -1 0 -2.55747743659068
-0.552541421485647 -1 0 -2.58905123210415
-0.520967625972182 -1 0 -2.62062502761761
-0.489393830458717 -1 0 -2.65219882313108
-0.457820034945251 -1 0 -2.68377261864454
-0.426246239431786 -1 0 -2.71534641415801
-0.394672443918321 -1 0 -2.74692020967147
-0.363098648404855 -1 0 -2.77849400518494
-0.33152485289139 -1 0 -2.8100678006984
-0.299951057377925 -1 0 -2.84164159621187
-0.26837726186446 -1 0 -2.87321539172533
-0.236803466350994 -1 0 -2.9047891872388
-0.205229670837529 -1 0 -2.93636298275226
-0.173655875324064 -1 0 -2.96793677826573
-0.142082079810599 -0.955213083741364 3.54654261408909 -2.99913965732399
-0.110508284297133 -0.784111609485749 7.09900429542076 -3.02689332052676
-0.078934488783668 -0.519093318318439 9.49557822316828 -3.04766597976845
-0.0473606932702027 -0.196653973807619 10.7362643973317 -3.0590684795646
-0.0157868977567375 0.146710660478526 10.8210628179109 -3.0598639742068
0.0157868977567278 0.474504820971813 9.74997348490597 -3.04996792776261
0.047360693270193 0.750232744104057 7.52299639831691 -3.03044811407563
0.0789344887836583 0.937398666307073 4.14013155814371 -3.00352461676545
0.110508284297124 1 0 -2.97256942184714
0.142082079810589 1 0 -2.94099562633367
0.173655875324054 1 0 -2.9094218308202
0.205229670837519 1 0 -2.87784803530674
0.236803466350985 1 0 -2.84627423979327
0.26837726186445 1 0 -2.81470044427981
0.299951057377915 1 0 -2.78312664876634
0.33152485289138 1 0 -2.75155285325288
0.363098648404846 1 0 -2.71997905773941
0.394672443918311 1 0 -2.68840526222595
0.426246239431776 1 0 -2.65683146671248
0.457820034945242 1 0 -2.62525767119902
0.489393830458707 1 0 -2.59368387568555
0.520967625972172 1 0 -2.56211008017209
0.552541421485637 1 0 -2.53053628465862
0.584115216999103 1 0 -2.49896248914516
0.615689012512568 1 0 -2.46738869363169
0.647262808026033 1 0 -2.43581489811823
0.678836603539499 1 0 -2.40424110260476
0.710410399052964 1 0 -2.37266730709129
0.741984194566429 1 0 -2.34109351157783
0.773557990079894 1 0 -2.30951971606436
0.80513178559336 1 0 -2.2779459205509
0.836705581106825 1 0 -2.24637212503743
0.86827937662029 1 0 -2.21479832952397
0.899853172133756 1 0 -2.1832245340105
0.931426967647221 1 0 -2.15165073849704
0.963000763160686 1 0 -2.12007694298357
0.994574558674151 1 0 -2.08850314747011
1.02614835418762 1 0 -2.05692935195664
1.05772214970108 1 0 -2.02535555644318
1.08929594521455 1 0 -1.99378176092971
1.12086974072801 1 0 -1.96220796541625
1.15244353624148 1 0 -1.93063416990278
1.18401733175494 1 0 -1.89906037438932
1.21559112726841 1 0 -1.86748657887585
1.24716492278187 1 0 -1.83591278336239
1.27873871829534 1 0 -1.80433898784892
1.3103125138088 1 0 -1.77276519233546
1.34188630932227 1 0 -1.74119139682199
1.37346010483573 1 0 -1.70961760130853
1.4050339003492 1 0 -1.67804380579506
1.43660769586266 1 0 -1.6464700102816
1.46818149137613 1 0 -1.61489621476813
1.49975528688959 1 0 -1.58332241925466
1.53132908240306 1 0 -1.5517486237412
1.56290287791652 1 0 -1.52017482822773
1.59447667342999 1 0 -1.48860103271427
1.62605046894345 1 0 -1.4570272372008
1.65762426445692 1 0 -1.42545344168734
1.68919805997039 1 0 -1.39387964617387
1.72077185548385 1 0 -1.36230585066041
1.75234565099732 1 0 -1.33073205514694
1.78391944651078 1 0 -1.29915825963348
1.81549324202425 1 0 -1.26758446412001
1.84706703753771 1 0 -1.23601066860655
1.87864083305118 1 0 -1.20443687309308
1.91021462856464 1 0 -1.17286307757962
1.94178842407811 1 0 -1.14128928206615
1.97336221959157 1 0 -1.10971548655269
2.00493601510504 1 0 -1.07814169103922
2.0365098106185 1 0 -1.04656789552576
2.06808360613197 1 0 -1.01499410001229
2.09965740164543 1 0 -0.983420304498827
2.1312311971589 1 0 -0.951846508985361
2.16280499267236 1 0 -0.920272713471896
2.19437878818583 1 0 -0.888698917958431
2.22595258369929 1 0 -0.857125122444966
2.25752637921276 1 0 -0.825551326931501
2.28910017472622 1 0 -0.793977531418036
2.32067397023969 1 0 -0.76240373590457
2.35224776575315 1 0 -0.730829940391105
2.38382156126662 1 0 -0.69925614487764
2.41539535678008 1 0 -0.667682349364175
2.44696915229355 1 0 -0.63610855385071
2.47854294780701 1 0 -0.604534758337244
2.51011674332048 1 0 -0.572960962823779
2.54169053883395 1 0 -0.541387167310314
2.57326433434741 1 0 -0.509813371796849
2.60483812986088 1 0 -0.478239576283384
2.63641192537434 1 0 -0.446665780769919
2.66798572088781 1 0 -0.415091985256453
2.69955951640127 1 0 -0.383518189742988
2.73113331191474 1 0 -0.351944394229523
2.7627071074282 1 0 -0.320370598716058
2.79428090294167 1 0 -0.288796803202593
2.82585469845513 1 0 -0.257223007689128
2.8574284939686 1 0 -0.225649212175662
2.88900228948206 1 0 -0.194075416662197
2.92057608499553 1 0 -0.162501621148732
2.95214988050899 1 0 -0.130927825635267
2.98372367602246 1 0 -0.0993540301218017
3.01529747153592 1 0 -0.0677802346083365
3.04687126704939 1 0 -0.0362064390948713
3.07844506256285 1 0 -0.00463264358140614
3.11001885807632 1 0 0.026941151932059
3.14159265358979 1 0 0.058514947445534
