0 94 -4.85714285714286 0
0.36734693877551 92.1091927368778 -5.42200154324413 34.1896731284831
0.73469387755102 90.0276932571678 -5.89535603634327 67.6487099026138
1.10204081632653 87.7891153460545 -6.27720633644028 100.313234080924
1.46938775510204 85.4270727887222 -6.56755244353515 132.131717343035
1.83673469387755 82.9751793703554 -6.7663943576279 163.064979289655
2.20408163265306 80.4670488761387 -6.87373207871851 193.08618744258
2.57142857142857 77.9362950912564 -6.88956560680699 222.180857244696
2.93877551020408 75.416531800893 -6.81389494189334 250.346852059975
3.30612244897959 72.8234807072849 -7.41800230251418 277.582361599599
3.6734693877551 69.9719602948659 -8.09320914458382 303.817688574478
4.04081632653061 66.8875390651131 -8.68601786355344 328.961813961051
4.40816326530612 63.6004857163082 -9.19642845942303 352.93474191386
4.77551020408163 60.1410689467329 -9.6244409321926 375.667595701102
5.14285714285714 56.5395574546688 -9.97005528186214 397.102617704625
5.51020408163265 52.8262199383975 -10.2332715084317 417.193169419935
5.87755102040816 49.0313250962006 -10.4140896119012 435.903731456191
6.24489795918367 45.1851416263599 -10.5125095922706 453.209903536207
6.61224489795918 41.3179382271569 -10.5285314495401 469.098404496452
6.97959183673469 37.4599835968733 -10.4621551837095 483.567072287048
7.3469387755102 33.6415464337907 -10.3133807947789 496.624863971771
7.71428571428571 29.8928954361908 -10.0822082827483 508.291855728055
8.08163265306123 26.2442993023552 -9.76863764761764 518.599242846985
8.44897959183674 22.7260267305656 -9.37266888938697 527.589339733301
8.81632653061225 19.3683464191036 -8.89430200805628 535.3155799054
9.18367346938776 16.2015270662508 -8.33353700362555 541.842515995329
9.55102040816327 13.2558373702889 -7.69037387609482 547.245819748795
9.91836734693878 10.5615460294995 -6.96481262546405 551.612282025155
10.2857142857143 8.25186508380781 -5.45160408403173 555.049721375699
10.6530612244898 6.55659181310029 -3.78986550797147 557.750955257408
11.0204081632653 5.45891605237083 -2.19801764081776 559.939984443689
11.3877551020408 4.93316366365378 -0.676060482570608 561.831618892458
11.7551020408163 4.95366050898346 0.776005966769988 563.631237245644
12.1224489795918 5.49473245039419 2.15818170720403 565.53478682919
12.4897959183673 6.53070534992031 3.47046673873151 567.72878365305
12.8571428571429 8.03590506959613 4.71286106135244 570.390312411191
13.2244897959184 9.984657471456 5.88536467506682 573.687026481592
13.5918367346939 12.3512884175342 6.98797757987463 577.777147926246
13.9591836734694 15.1101237698651 8.0206997757759 582.809467491158
14.3265306122449 18.2354893904831 8.98353126277061 588.923344606346
14.6938775510204 21.7017111414223 9.87647204085876 596.248707385838
15.0612244897959 25.4831148847173 10.6995221100404 604.906052627679
15.4285714285714 29.5540264824022 11.4526814703154 615.006445813923
15.7959183673469 33.8887717965114 12.1359501216839 626.651521110639
16.1632653061225 38.4616766890794 12.7493280641458 639.933481367906
16.530612244898 43.2470670221403 13.2928152977012 654.935098119819
16.8979591836735 48.2192686577285 13.76641182235 671.729711584482
17.265306122449 53.3526074578783 14.1701176380923 690.381230664015
17.6326530612245 58.6214092846241 14.503932744928 710.944132944547
18 64 14.7678571428571 733.463464696223
