-3.14159265358979 -1 -0.0126976364963213 0
-3.11001885807633 -1.00039920819329 -0.0125356935068867 -0.0315801112258718
-3.07844506256286 -1.00078819007692 -0.0120498645385829 -0.0631726924348517
-3.0468712670494 -1.00115671934122 -0.0112401495914099 -0.0947772593018243
-3.01529747153593 -1.00149456967651 -0.0101065486653676 -0.126393004618264
-2.98372367602247 -1.00179151477314 -0.00864906176045613 -0.158018798292235
-2.952149880509 -1.00203732832144 -0.00686768887667544 -0.18965318734839
-2.92057608499554 -1.00222178401174 -0.00476243001402554 -0.221294395927975
-2.88900228948207 -1.00233465553437 -0.00233328517250642 -0.25294032528882
-2.85742849396861 -1.00236571657967 0.000419745647881916 -0.284588553805351
-2.82585469845514 -1.00230474083798 0.00349666244713947 -0.316236336968579
-2.79428090294168 -1.00214150199961 0.00689746522526623 -0.347880607386106
-2.76270710742821 -1.00186577375492 0.0106221539822622 -0.379517974782126
-2.73113331191475 -1.00146732979423 0.0146707287181274 -0.41114472599742
-2.69955951640128 -1.00093594380787 0.0190431894328618 -0.44275682498936
-2.66798572088782 -1.00026138948618 0.0237395361264655 -0.474349912831906
-2.63641192537435 -0.999434845815631 0.0285583675426289 -0.5059193150698
-2.60483812986089 -0.998464048893804 0.0328367150054891 -0.537460296074209
-2.57326433434742 -0.997367522489294 0.0365225340698043 -0.568968591232114
-2.54169053883395 -0.996163974972594 0.0396158247355745 -0.600440526133669
-2.51011674332049 -0.994872114714195 0.0421165870027998 -0.631873017063295
-2.47854294780702 -0.993510650084588 0.0440248208714802 -0.663263570999677
-2.44696915229356 -0.992098289454266 0.0453405263416155 -0.694610285615763
-2.41539535678009 -0.990653741193719 0.046063703413206 -0.725911849278767
-2.38382156126663 -0.98919571367344 0.0461943520862514 -0.757167541050166
-2.35224776575316 -0.98774291526392 0.045732472360752 -0.788377230685701
-2.3206739702397 -0.98631405433565 0.0446780642367075 -0.819541378635379
-2.28910017472623 -0.984927839259122 0.0430311277141182 -0.85066103604347
-2.25752637921277 -0.983602978404828 0.0407916627929838 -0.881737844748508
-2.2259525836993 -0.98235818014326 0.0379596694733045 -0.912774037283292
-2.19437878818584 -0.981212152844908 0.0345351477550803 -0.943772436874886
-2.16280499267237 -0.980183604880265 0.0305180976383111 -0.974736457444616
-2.13123119715891 -0.979291244619821 0.025908519122997 -1.00567010360808
-2.09965740164544 -0.978553780434069 0.0207064122091379 -1.03657797067512
-2.06808360613198 -0.977989920693501 0.0149117768967338 -1.06746524464987
-2.03650981061851 -0.977618373768607 0.0085246131857848 -1.0983377022307
-2.00493601510505 -0.977457848029879 0.00154492107629084 -1.12920171081028
-1.97336221959158 -0.97752705184781 -0.00602729943174807 -1.16006422847551
-1.94178842407812 -0.977844693592889 -0.0141920483383319 -1.19093280400756
-1.91021462856465 -0.97842948163561 -0.0229493256434607 -1.22181557688189
-1.87864083305119 -0.979300124346464 -0.0322991313471345 -1.25272127726819
-1.84706703753772 -0.980475330095941 -0.0422414654493533 -1.28365922603044
-1.81549324202426 -0.981973807254535 -0.0527763279501169 -1.31463933472687
-1.78391944651079 -0.983814264192736 -0.0639037188494256 -1.34567210560999
-1.75234565099733 -0.986015409281035 -0.0756236381472791 -1.37676863162654
-1.72077185548386 -0.988595950889926 -0.0879360858436777 -1.40794059641757
-1.6891980599704 -0.991574597389898 -0.100841061938621 -1.43920027431836
-1.65762426445693 -0.994970057151444 -0.11433856643211 -1.47056053035847
-1.62605046894346 -0.998801038545056 -0.128428599324143 -1.50203482026172
-1.59447667343 -1.00307177713362 -0.141171836699464 -1.53363710944032
-1.56290287791653 -1.00764174750304 -0.147119913771128 -1.56537954413308
-1.53132908240307 -1.01228709335783 -0.145946396370864 -1.59726805171003
-1.4997552868896 -1.0167829589304 -0.13765128449867 -1.62930146228632
-1.46818149137614 -1.02090448845316 -0.122234578154548 -1.66147150642709
-1.43660769586267 -1.02442682615852 -0.0996962773384961 -1.69376281514741
-1.40503390034921 -1.02712511627891 -0.0700363820505155 -1.72615291991238
-1.37346010483574 -1.02877450304672 -0.0332548922906061 -1.75861225263703
-1.34188630932228 -1.02915013069439 0.0106481919412323 -1.79110414568638
-1.31031251380881 -1.02802714345431 0.0616728706449998 -1.82358483187542
-1.27873871829535 -1.02518068555891 0.119819143820696 -1.85600344446913
-1.24716492278188 -1.0203859012406 0.185087011468322 -1.88830201718245
-1.21559112726842 -1.01341793473179 0.257476473587876 -1.92041548418029
-1.18401733175495 -1.00405193026489 0.336987530179359 -1.95227168007754
-1.15244353624149 -0.992111373142695 0.416394908608893 -1.98379158251045
-1.12086974072802 -0.978049882766512 0.469538752839349 -2.01489873176683
-1.08929594521456 -0.962762516981709 0.494046352705817 -2.04554017466483
-1.05772214970109 -0.947153430712106 0.489917708208294 -2.07569147946631
-1.02614835418763 -0.932126778881528 0.457152819346782 -2.10535676203582
-0.994574558674161 -0.918586716413795 0.395751686121281 -2.13456868584056
-0.963000763160696 -0.90743739823273 0.305714308531789 -2.16338846195043
-0.931426967647231 -0.899582979262156 0.187040686578309 -2.191905849038
-0.899853172133765 -0.895927614425894 0.0397308202608377 -2.22023915337853
-0.8682793766203 -0.897375458647768 -0.136215290420622 -2.24853522884993
-0.836705581106835 -0.904830666851598 -0.340797645466072 -2.2769694769328
-0.805131785593369 -0.919197393961207 -0.574016244875512 -2.30574584671044
-0.773557990079904 -0.941379794900418 -0.835871088648941 -2.33509683486878
-0.741984194566439 -0.972282024593053 -1.12636217678636 -2.36528348569648
-0.710410399052974 -1.01279398673846 -1.44082469233656 -2.39659535843124
-0.678836603539508 -1.06261099285874 -1.70108593176465 -2.42933794334652
-0.647262808026043 -1.119349528112 -1.87925973129369 -2.46376952914417
-0.615689012512578 -1.18041778045665 -1.97534609092368 -2.50006773809795
-0.584115216999112 -1.2432239378511 -1.98934501065462 -2.53832835913825
-0.552541421485647 -1.30517618825374 -1.9212564904865 -2.57856534785202
-0.520967625972182 -1.36368271962298 -1.77108053041933 -2.6207108264828
-0.489393830458717 -1.41615171991722 -1.53881713045311 -2.66461508393074
-0.457820034945251 -1.45999137709486 -1.22446629058784 -2.71004657575256
-0.426246239431786 -1.49260987911432 -0.828028010823521 -2.75669192416157
-0.394672443918321 -1.51141541393399 -0.349502291160145 -2.80415591802769
-0.363098648404855 -1.51381616951228 0.211110868402282 -2.8519615128774
-0.33152485289139 -1.49722033380759 0.85381146786376 -2.8995498308938
-0.299951057377925 -1.45903609477832 1.57859950722429 -2.94628016091655
-0.26837726186446 -1.39667164038287 2.38547498648387 -2.99142995844191
-0.236803466350994 -1.30753515857966 3.27443790564251 -3.03419484562274
-0.205229670837529 -1.18903483732708 4.24548826470019 -3.07368861126847
-0.173655875324064 -1.03857886458354 5.29862606365693 -3.10894321084515
-0.142082079810599 -0.854378173369246 6.33539255107097 -3.13891367512716
-0.110508284297133 -0.641083853642001 7.13444443718329 -3.16258876278595
-0.078934488783668 -0.406444715420912 7.68745163340345 -3.17917193048612
-0.0473606932702027 -0.158229323431808 7.99441413973146 -3.18811188283031
-0.0157868977567375 0.095793757599484 8.05533195616731 -3.18910260749525
0.0157868977567278 0.347855962947134 7.87020508271101 -3.18208337523177
0.047360693270193 0.590188727885313 7.43903351936256 -3.16723873986477
0.0789344887836583 0.815023487688192 6.76181726612195 -3.14499853829324
0.110508284297124 1.01459247470256 5.83951981627271 -3.11603788999572
0.142082079810589 1.18318419017837 4.85067073795613 -3.08125966548191
0.173655875324054 1.32159356588449 3.9276597260398 -3.04164031565281
0.205229670837519 1.43189935946645 3.0704867805237 -2.99809999439801
0.236803466350985 1.51618032856977 2.27915190140785 -2.95149322133828
0.26837726186445 1.57651523083998 1.55365508869224 -2.90260888182559
0.299951057377915 1.61498282392259 0.893996342376878 -2.85217022694305
0.33152485289138 1.63366186546314 0.300175662461756 -2.80083487350497
0.363098648404846 1.63463111310714 -0.227806951053125 -2.74919480405685
0.394672443918311 1.61996932450012 -0.689951498167761 -2.69777636687534
0.426246239431776 1.5917552572876 -1.08625797888215 -2.64704027596828
0.457820034945242 1.5520676691151 -1.4167263931963 -2.59738161107471
0.489393830458707 1.50298531762815 -1.68135674111021 -2.54912981766481
0.520967625972172 1.44658696047228 -1.88014902262388 -2.50254870693997
0.552541421485637 1.38495135529299 -2.0131032377373 -2.45783645583273
0.584115216999103 1.32015725973583 -2.08021938645048 -2.41512560700684
0.615689012512568 1.2542834314463 -2.08149746876341 -2.3744830688572
0.647262808026033 1.18940862806994 -2.0169374846761 -2.33591011550991
0.678836603539499 1.12761160725226 -1.88653943418855 -2.29934238682222
0.710410399052964 1.0709711266388 -1.69030331730076 -2.2646498883826
0.741984194566429 1.02156594387506 -1.42822913401272 -2.23163699151066
0.773557990079894 0.981413379675876 -1.1121248604202 -2.20004267299958
0.80513178559336 0.951079608010791 -0.814459339251152 -2.16955933246373
0.836705581106825 0.929658169953326 -0.547584965061761 -2.13989048814591
0.86827937662029 0.916176872125121 -0.31150173785203 -2.11077009176469
0.899853172133756 0.909663521147815 -0.106209657621958 -2.08196279087361
0.931426967647221 0.909145923643046 0.0682912756284546 -2.0532639288611
0.963000763160686 0.913651886232454 0.212001061899207 -2.02449954495054
0.994574558674151 0.922209215537678 0.3249197011903 -1.99552637420023
1.02614835418762 0.933845718180358 0.407047193501733 -1.9662318475034
1.05772214970108 0.947589200782132 0.458383538833507 -1.9365340915882
1.08929594521455 0.96246746996464 0.478928737185621 -1.90638192901773
1.12086974072801 0.97750833234952 0.468682788558076 -1.87575487818998
1.15244353624148 0.991739594558412 0.427645692950872 -1.8446631533379
1.18401733175494 1.0041977928437 0.358135381989938 -1.81314763987168
1.21559112726841 1.0143614952923 0.286572872524983 -1.78127490569129
1.24716492278187 1.02235114279068 0.220422768420245 -1.74911603606897
1.27873871829534 1.02833762551889 0.159685069675726 -1.71673697634537
1.3103125138088 1.03249183365702 0.104359776291425 -1.68419827620951
1.34188630932227 1.03498465738516 0.0544468882673428 -1.65155508969883
1.37346010483573 1.03598698688338 0.00994640560347845 -1.61885717519915
1.4050339003492 1.03566971233176 -0.0291416717001675 -1.5861488954447
1.43660769586266 1.03420372391038 -0.0628173436435953 -1.55346921751812
1.46818149137613 1.03175991179931 -0.0910806102268049 -1.52085171285042
1.49975528688959 1.02850916617865 -0.113931471449796 -1.48832455722104
1.53132908240306 1.02462237722847 -0.131369927312569 -1.4559105307578
1.56290287791652 1.02027043512884 -0.143395977815124 -1.42362701793692
1.59447667342999 1.01562423005985 -0.15000962295746 -1.39148600758302
1.62605046894345 1.01085465220158 -0.151210862739578 -1.35949409286913
1.65762426445692 1.0061325917341 -0.146999697161478 -1.32765247131667
1.68919805997039 1.0016289388375 -0.13737612622316 -1.29595694479545
1.72077185548385 0.997507153786824 -0.123483364522127 -1.26439795573965
1.75234565099732 0.993826885776079 -0.10973556515041 -1.23296211096123
1.78391944651078 0.990571475649876 -0.0965713080124455 -1.20163571054644
1.81549324202425 0.987722498765053 -0.0839905931082349 -1.17040563098727
1.84706703753771 0.985261530478447 -0.0719934204377777 -1.13925933051162
1.87864083305118 0.983170146146898 -0.0605797900010741 -1.10818484908331
1.91021462856464 0.981429921127241 -0.0497497017981241 -1.07717080840208
1.94178842407811 0.980022430776317 -0.0395031558289275 -1.04620641190357
1.97336221959157 0.978929250450963 -0.0298401520934846 -1.01528144475937
2.00493601510504 0.978131955508016 -0.0207606905917951 -0.984386273876944
2.0365098106185 0.977612121304315 -0.0122647713238591 -0.953511847899696
2.06808360613197 0.977351323196697 -0.00435239428967671 -0.92264969720694
2.09965740164543 0.977331136542002 0.00297644051075216 -0.891791933913904
2.1312311971589 0.977533136697066 0.00972173307742749 -0.860931251871735
2.16280499267236 0.977938899018727 0.0158834834103493 -0.830060926667492
2.19437878818583 0.978529998863825 0.0214616915095176 -0.799174815624152
2.22595258369929 0.979288011589196 0.0264563573749323 -0.768267357800606
2.25752637921276 0.980194512551679 0.0308674810065936 -0.737333573991663
2.28910017472622 0.981231077108111 0.0346950624045013 -0.706369066728045
2.32067397023969 0.982379280615331 0.0379391015686555 -0.675370020276391
2.35224776575315 0.983620698430177 0.0405995984990561 -0.644333200639256
2.38382156126662 0.984936905909486 0.0426765531957032 -0.613255955555108
2.41539535678008 0.986309478410098 0.0441699656585967 -0.582136214498334
2.44696915229355 0.987719991288848 0.0450798358877367 -0.550972488679235
2.47854294780701 0.989150019902577 0.0454061638831233 -0.519763871044028
2.51011674332048 0.990581139608121 0.0451489496447562 -0.488510036274844
2.54169053883395 0.991994925762319 0.0443081931726357 -0.457211240789732
2.57326433434741 0.993372953722008 0.0428838944667616 -0.425868322742655
2.60483812986088 0.994696798844027 0.0408760535271339 -0.394482702023493
2.63641192537434 0.995948036485214 0.0382846703537528 -0.36305638025804
2.66798572088781 0.997108242002406 0.0351097449466181 -0.331591940808007
2.69955951640127 0.998158990752442 0.0313512773057299 -0.300092548771019
2.73113331191474 0.99908185809216 0.0270092674310881 -0.268561950980618
2.7627071074282 0.999858419378397 0.0220837153226929 -0.237004476006261
2.79428090294167 1.00047295696864 0.016899464130745 -0.205425017234727
2.82585469845513 1.00093029569749 0.0121455077998912 -0.173828673778165
2.8574284939686 1.0012446816215 0.00784430921483298 -0.142220184796434
2.88900228948206 1.00143041002117 0.00399586837557033 -0.11060383817403
2.92057608499553 1.00150177617697 0.000600185282103271 -0.0789834704391865
2.95214988050899 1.0014730753694 -0.0023427400655682 -0.047362466763875
2.98372367602246 1.00135860287892 -0.00483290766744408 -0.0157437609638032
3.01529747153592 1.00117265398604 -0.00687031752352437 0.0158701645015837
3.04687126704939 1.00092952397122 -0.00845496963380907 0.0474772785291031
3.07844506256285 1.00064350811495 -0.00958686399829819 0.0790760013718354
3.11001885807632 1.00032890169772 -0.0102660006169917 0.110665204639124
3.14159265358979 1 -0.0104923794898896 0.142244211296583
