-3.14159265358979 0 -0.982863057112248 0
-3.11001885807633 -0.0310282145074286 -0.982435233136741 -0.000489874791642191
-3.07844506256286 -0.0620294129614203 -0.981151761210219 -0.00195907266689537
-3.0468712670494 -0.0929765793085383 -0.979012641332683 -0.00440631412673933
-3.01529747153593 -0.123842697495346 -0.976017873504132 -0.0078294666728071
-2.98372367602247 -0.154600751468406 -0.972167457724567 -0.0122255448073849
-2.952149880509 -0.185223725174282 -0.967461393993987 -0.0175907100334121
-2.92057608499554 -0.215684602559536 -0.961899682312392 -0.0239202708544814
-2.88900228948207 -0.245956367570733 -0.955482322679784 -0.0312086827748385
-2.85742849396861 -0.276012004154435 -0.94820931509616 -0.0394495482993826
-2.82585469845514 -0.305824496257206 -0.940080659561522 -0.0486356169336658
-2.79428090294168 -0.335366827825608 -0.931096356075869 -0.0587587851838936
-2.76270710742821 -0.364611982806204 -0.921256404639202 -0.0698100965569247
-2.73113331191475 -0.393532945145559 -0.910560805251521 -0.0817797415602708
-2.69955951640128 -0.422102698790234 -0.899009557912825 -0.0946570577020971
-2.66798572088782 -0.450294227686794 -0.886602662623114 -0.108430529491222
-2.63641192537435 -0.4780805157818 -0.873340119382389 -0.123087788437116
-2.60483812986089 -0.505434547021817 -0.859221928190649 -0.138615613049905
-2.57326433434742 -0.532329305353408 -0.844248089047895 -0.154999928840367
-2.54169053883395 -0.558737774723136 -0.828418601954126 -0.172225808319931
-2.51011674332049 -0.584632939077563 -0.811733466909343 -0.190277471000684
-2.47854294780702 -0.609987782363254 -0.794192683913545 -0.209138283395362
-2.44696915229356 -0.63477528852677 -0.775796252966733 -0.228790759017355
-2.41539535678009 -0.658968441514676 -0.756544174068906 -0.249216558380709
-2.38382156126663 -0.682540225273535 -0.736436447220064 -0.270396489000119
-2.35224776575316 -0.705463623749909 -0.715473072420208 -0.292310505390936
-2.3206739702397 -0.727711620890362 -0.693654049669338 -0.314937709069164
-2.28910017472623 -0.749257200641457 -0.670979378967453 -0.33825634855146
-2.25752637921277 -0.770073346949757 -0.647449060314553 -0.362243819355133
-2.2259525836993 -0.790133043761825 -0.623063093710639 -0.386876663998146
-2.19437878818584 -0.809409275024224 -0.597821479155711 -0.412130571999116
-2.16280499267237 -0.827875024683519 -0.571724216649768 -0.437980379877312
-2.13123119715891 -0.845503276686271 -0.54477130619281 -0.464400071152657
-2.09965740164544 -0.862267014979043 -0.516962747784838 -0.491362776345727
-2.06808360613198 -0.8781392235084 -0.488298541425851 -0.518840772977751
-2.03650981061851 -0.893092886220904 -0.45877868711585 -0.546805485570611
-2.00493601510505 -0.907100987063118 -0.428403184854834 -0.575227485646843
-1.97336221959158 -0.92013683975152 -0.397247371213719 -0.60407649281226
-1.94178842407812 -0.932185450180974 -0.365958364690286 -0.633321514762056
-1.91021462856465 -0.943246390860326 -0.334684747111038 -0.662931363553968
-1.87864083305119 -0.953320147676952 -0.303426518475974 -0.692874862375927
-1.84706703753772 -0.962407206518231 -0.272183678785096 -0.723120849757169
-1.81549324202426 -0.970508053271538 -0.240956228038402 -0.753638179568244
-1.78391944651079 -0.977623173824251 -0.209744166235892 -0.784395721021006
-1.75234565099733 -0.983753054063746 -0.178547493377567 -0.81536235866862
-1.72077185548386 -0.9888981798774 -0.147366209463427 -0.84650699240556
-1.6891980599704 -0.99305903715259 -0.116200314493472 -0.877798537467606
-1.65762426445693 -0.996236111776693 -0.0850498084677014 -0.909205924431851
-1.62605046894346 -0.998429889637086 -0.0539146913861154 -0.940698099216691
-1.59447667343 -0.999640856621146 -0.0227949632487142 -0.972244023081837
-1.56290287791653 -0.999869498616249 0.00830937594450243 -1.0038126726283
-1.53132908240307 -0.999116301509772 0.0393983261935343 -1.03537303979842
-1.4997552868896 -0.997381751189093 0.0704718874983815 -1.06689413187581
-1.46818149137614 -0.994666333541588 0.101530059859044 -1.09834497148543
-1.43660769586267 -0.990970534454633 0.132572843275522 -1.12969459659352
-1.40503390034921 -0.986294839815607 0.163600237747815 -1.16091206050765
-1.37346010483574 -0.980639735511884 0.194612243275924 -1.19196643187668
-1.34188630932228 -0.974005707430844 0.225608859859847 -1.22282679469079
-1.31031251380881 -0.966393241459862 0.256590087499586 -1.25346224828146
-1.27873871829535 -0.957802823486315 0.287555926195141 -1.2838419073215
-1.24716492278188 -0.94823493939758 0.31850637594651 -1.313934901825
-1.21559112726842 -0.937690075081034 0.349441436753695 -1.34371037714738
-1.18401733175495 -0.926168716424053 0.380361108616696 -1.37313749398535
-1.15244353624149 -0.913672387323711 0.411110245962935 -1.4021854335856
-1.12086974072802 -0.900216142310518 0.441127128003583 -1.43082360000894
-1.08929594521456 -0.885824514757326 0.470360806422121 -1.45902206985038
-1.05772214970109 -0.870522233375146 0.498811281218549 -1.48675169992253
-1.02614835418763 -0.854334026874988 0.526478552392866 -1.51398412781724
-0.994574558674161 -0.837284623967861 0.553362619945073 -1.54069177190561
-0.963000763160696 -0.819398753364776 0.579463483875169 -1.56684783133803
-0.931426967647231 -0.800701143776742 0.604781144183155 -1.59242628604416
-0.899853172133765 -0.781216523914769 0.629315600869031 -1.61740189673289
-0.8682793766203 -0.760969622489867 0.653066853932796 -1.64175020489241
-0.836705581106835 -0.739985168213046 0.676034903374451 -1.66544753279016
-0.805131785593369 -0.718287889795317 0.698219749193996 -1.68847098347284
-0.773557990079904 -0.695902515947688 0.71962139139143 -1.71079844076642
-0.741984194566439 -0.67285377538117 0.740239829966753 -1.73240856927613
-0.710410399052974 -0.649166396806773 0.760075064919967 -1.75328081438649
-0.678836603539508 -0.624865108935506 0.779127096251069 -1.77339540226125
-0.647262808026043 -0.59997464047838 0.797395923960062 -1.79273333984344
-0.615689012512578 -0.574519720146405 0.814881548046944 -1.81127641485535
-0.584115216999112 -0.548525076650589 0.831583968511715 -1.82900719579854
-0.552541421485647 -0.522015438701945 0.847503185354376 -1.84590903195385
-0.520967625972182 -0.49501553501148 0.862639198574927 -1.86196605338134
-0.489393830458717 -0.467550094290206 0.876992008173368 -1.87716317092039
-0.457820034945251 -0.439643845249132 0.890561614149698 -1.8914860761896
-0.426246239431786 -0.411321516599268 0.903348016503917 -1.90492124158686
-0.394672443918321 -0.382607837051624 0.915351215236026 -1.91745592028932
-0.363098648404855 -0.353527535317209 0.926571210346025 -1.92907814625338
-0.33152485289139 -0.324105340107035 0.937008001833913 -1.93977673421472
-0.299951057377925 -0.29436598013211 0.946661589699691 -1.94954127968829
-0.26837726186446 -0.264334184103445 0.955531973943359 -1.95836215896829
-0.236803466350994 -0.234034680732049 0.963619154564916 -1.96623052912819
-0.205229670837529 -0.203492198728933 0.970923131564362 -1.97313832802073
-0.173655875324064 -0.172731466805106 0.977443904941699 -1.97907827427791
-0.142082079810599 -0.141777746968124 0.983116064500674 -1.98404387057201
-0.110508284297133 -0.110660579686553 0.987792562794411 -1.98802947712666
-0.078934488783668 -0.0794115633717438 0.991467865802608 -1.99103043194272
-0.0473606932702027 -0.0480623095589111 0.994141973525265 -1.99304307109385
-0.0157868977567375 -0.0166444297832697 0.995814885962382 -1.99406472874985
0.0157868977567278 0.0148104644199659 0.996486603113958 -1.99409373717669
0.047360693270193 0.0462707615155809 0.996157124979994 -1.99312942673647
0.0789344887836583 0.0777048499683606 0.99482645156049 -1.99117212588744
0.110508284297124 0.10908111824309 0.992494582855446 -1.98822316118402
0.142082079810589 0.140367954804555 0.989161518864861 -1.98428485727674
0.173655875324054 0.171533748117541 0.984827259588737 -1.97936053691232
0.205229670837519 0.202546886646833 0.979491805027071 -1.97345452093361
0.236803466350985 0.233375758857216 0.973155155179866 -1.9665721282796
0.26837726186445 0.263988753213475 0.965817310047121 -1.95871967598543
0.299951057377915 0.294354258180397 0.957478269628835 -1.94990447918242
0.33152485289138 0.324440662222765 0.948138033925009 -1.940134851098
0.363098648404846 0.354216353805366 0.937796602935643 -1.92942010305576
0.394672443918311 0.383649721392985 0.926453976660736 -1.91777054447545
0.426246239431776 0.412709153450407 0.91411015510029 -1.90519748287296
0.457820034945242 0.441363038442417 0.900765138254302 -1.89171322386033
0.489393830458707 0.469579764833801 0.886418926122775 -1.87733107114575
0.520967625972172 0.497327721089344 0.871071518705708 -1.86206532653355
0.552541421485637 0.524575295673832 0.8547229160031 -1.84593128992423
0.584115216999103 0.551290877052049 0.837373118014952 -1.82894525931441
0.615689012512568 0.577442853688781 0.819022124741264 -1.81112453079689
0.647262808026033 0.602999614048813 0.799669936182035 -1.79248739856059
0.678836603539499 0.627929546596931 0.779316552337267 -1.77305315489059
0.710410399052964 0.652201039797919 0.757961973206958 -1.75284209016813
0.741984194566429 0.675782482116564 0.735606198791109 -1.73187549287058
0.773557990079894 0.698642673842009 0.71232838037749 -1.71017564796442
0.80513178559336 0.72076014259793 0.688614291495674 -1.68776571076872
0.836705581106825 0.742123287368615 0.664546732782132 -1.66466932020822
0.86827937662029 0.762720947769877 0.640125704236866 -1.64091046934205
0.899853172133756 0.782541963417528 0.615351205859874 -1.61651350360499
0.931426967647221 0.801575173927382 0.590223237651157 -1.59150312080753
0.963000763160686 0.819809418915252 0.564741799610714 -1.56590437113582
0.994574558674151 0.83723353799695 0.538906891738546 -1.53974265715174
1.02614835418762 0.85383637078829 0.512718514034653 -1.51304373379282
1.05772214970108 0.869606756905083 0.486176666499035 -1.48583370837231
1.08929594521455 0.884533535963145 0.459281349131691 -1.45813904057912
1.12086974072801 0.898605547578286 0.432032561932622 -1.42998654247786
1.15244353624148 0.91181163136632 0.404430304901828 -1.40140337850883
1.18401733175494 0.924140626943061 0.376474578039308 -1.37241706548801
1.21559112726841 0.935581373924321 0.348165381345063 -1.34305547260709
1.24716492278187 0.946122711925912 0.319502714819093 -1.31334682143343
1.27873871829534 0.955753480563648 0.290486578461398 -1.28331968591007
1.3103125138088 0.964462519453342 0.261116972271977 -1.25300299235576
1.34188630932227 0.972238668210807 0.23139389625083 -1.22242601946492
1.37346010483573 0.979070766451855 0.201317350397959 -1.19161839830767
1.4050339003492 0.9849476537923 0.170887334713362 -1.16061011232981
1.43660769586266 0.989858169847954 0.14010384919704 -1.12943149735284
1.46818149137613 0.993791154234631 0.108966893848993 -1.09811324157393
1.49975528688959 0.996735446568143 0.0774764686692198 -1.06668638556595
1.53132908240306 0.998679886464303 0.0456325736577217 -1.03518232227746
1.56290287791652 0.999613313538925 0.0134352088144982 -1.00363279703271
1.59447667342999 0.999524567407821 -0.0191156258604505 -0.972069907531626
1.62605046894345 0.998402487686803 -0.0520199303671245 -0.940526103849828
1.65762426445692 0.996235913991685 -0.0852777047055238 -0.909034188438627
1.68919805997039 0.993013685938281 -0.118888948875648 -0.877627316125021
1.72077185548385 0.988725846728417 -0.152668471129361 -0.846338988244995
1.75234565099732 0.98337925614028 -0.185901213480661 -0.815202805797768
1.78391944651078 0.976993135302807 -0.218516129444156 -0.784251897792389
1.81549324202425 0.96958699134003 -0.250513219019848 -0.753518778187408
1.84706703753771 0.961180331375979 -0.281892482207735 -0.723035345027428
1.87864083305118 0.951792662534687 -0.312653919007817 -0.69283288044311
1.91021462856464 0.941443491940184 -0.342797529420096 -0.662942050651168
1.94178842407811 0.930152326716502 -0.37232331344457 -0.633392905954372
1.97336221959157 0.917938673987672 -0.401231271081239 -0.604214880741544
2.00493601510504 0.904822040877725 -0.429521402330105 -0.575436793487564
2.0365098106185 0.890821934510694 -0.457193707191166 -0.547086846753365
2.06808360613197 0.875957862010608 -0.484248185664422 -0.519192627185936
2.09965740164543 0.860249330501501 -0.510684837749875 -0.491781105518319
2.1312311971589 0.843715847107402 -0.536503663447523 -0.464878636569611
2.16280499267236 0.826376918952344 -0.561704662757367 -0.438510959244967
2.19437878818583 0.808252053160357 -0.586287835679406 -0.412703196535592
2.22595258369929 0.789360756855474 -0.610253182213641 -0.38747985551875
2.25752637921276 0.769722537161724 -0.633600702360072 -0.362864827357756
2.28910017472622 0.749356901203141 -0.656330396118699 -0.338881387301983
2.32067397023969 0.728283356103755 -0.678442263489521 -0.315552194686857
2.35224776575315 0.706521408987597 -0.699936304472539 -0.292899292933859
2.38382156126662 0.684090566978699 -0.720812519067752 -0.270944109550525
2.41539535678008 0.661010337201092 -0.741070907275162 -0.249707456130447
2.44696915229355 0.637300226778808 -0.760711469094767 -0.229209528353268
2.47854294780701 0.612979742835878 -0.779734204526567 -0.209469905984691
2.51011674332048 0.588068392496333 -0.798139113570564 -0.19050755287647
2.54169053883395 0.562585682884204 -0.815926196226756 -0.172340816966414
2.57326433434741 0.536551121123524 -0.833095452495143 -0.154987430278389
2.60483812986088 0.509984214338323 -0.849646882375727 -0.138464508922314
2.63641192537434 0.482904469652632 -0.865580485868506 -0.122788553094163
2.66798572088781 0.455331394190484 -0.88089626297348 -0.107975447075965
2.69955951640127 0.427284495075908 -0.895594213690651 -0.0940404592358037
2.73113331191474 0.398783279432938 -0.909674338020017 -0.0809982420278182
2.7627071074282 0.369847254385604 -0.923136635961579 -0.0688628319922014
2.79428090294167 0.340497198494924 -0.93582853363407 -0.0576476418087954
2.82585469845513 0.310763538810609 -0.947426421072995 -0.0473652916370694
2.8574284939686 0.280681127386879 -0.95791974780345 -0.0380273434259365
2.88900228948206 0.250284839397677 -0.967308513825437 -0.0296442580206966
2.92057608499553 0.219609550016943 -0.975592719138955 -0.0222253951250392
2.95214988050899 0.188690134418619 -0.982772363744004 -0.0157790133010431
2.98372367602246 0.157561467776647 -0.988847447640583 -0.0103122699691767
3.01529747153592 0.126258425264968 -0.993817970828694 -0.005831221408298
3.04687126704939 0.0948158820575238 -0.997683933308336 -0.00234082275565426
3.07844506256285 0.0632687133282549 -1.00044533507951 0.00015507199311765
3.11001885807632 0.0316517942511032 -1.00210217614221 0.00165370998399145
3.14159265358979 2.37657116208823E-16 -1.00265445649645 0.00215343950455136
