-3.14159265358979 0 -1.18376082702278 0
-3.11001885807633 -0.0370427381734918 -1.16265758379306 -0.000586543080130369
-3.07844506256286 -0.0734187430960148 -1.14152749776184 -0.00233214258092128
-3.0468712670494 -0.109127167238443 -1.12037056892912 -0.00521573382318897
-3.01529747153593 -0.144167163071652 -1.09918679729489 -0.00921622536803835
-2.98372367602247 -0.178537883066514 -1.07797618285915 -0.0143124990168631
-2.952149880509 -0.212238479693904 -1.0567387256219 -0.0204834098113454
-2.92057608499554 -0.245268105424696 -1.03547442558315 -0.0277077860334563
-2.88900228948207 -0.277625912729766 -1.01418328274289 -0.0359644292054555
-2.85742849396861 -0.309311054079986 -0.992865297101127 -0.0452321140898913
-2.82585469845514 -0.340322681946231 -0.971520468657856 -0.055489588689601
-2.79428090294168 -0.370659948799375 -0.950148797413078 -0.06671557424771
-2.76270710742821 -0.400322007110293 -0.928750283366793 -0.0788887652476331
-2.73113331191475 -0.429308009349859 -0.907324926519002 -0.0919878294130732
-2.69955951640128 -0.457617107988946 -0.885872726869705 -0.105991407708022
-2.66798572088782 -0.48524845549843 -0.864393684418901 -0.120878114336761
-2.63641192537435 -0.512201204349184 -0.84288779916659 -0.136626536743858
-2.60483812986089 -0.538474507012082 -0.821355071112773 -0.153215235614172
-2.57326433434742 -0.564067515958 -0.799795500257449 -0.170622744872848
-2.54169053883395 -0.58897938365781 -0.778209086600619 -0.188827571685324
-2.51011674332049 -0.613209262582388 -0.756595830142282 -0.207808196457321
-2.47854294780702 -0.636756305202607 -0.734955730882439 -0.227543072834854
-2.44696915229356 -0.659619663989342 -0.713288788821089 -0.248010627704224
-2.41539535678009 -0.681798491413467 -0.691595003958233 -0.269189261192019
-2.38382156126663 -0.703291939945856 -0.66987437629387 -0.29105734666512
-2.35224776575316 -0.724099162057384 -0.648126905828 -0.313593230730694
-2.3206739702397 -0.744219310218924 -0.626352592560624 -0.336775233236196
-2.28910017472623 -0.763651536901351 -0.604551436491742 -0.360581647269373
-2.25752637921277 -0.782394994575539 -0.582723437621353 -0.384990739158256
-2.2259525836993 -0.800448835712363 -0.560868595949457 -0.409980748471168
-2.19437878818584 -0.817812212782696 -0.538986911476055 -0.435529888016721
-2.16280499267237 -0.834484278257412 -0.517078384201147 -0.461616343843813
-2.13123119715891 -0.850464184607387 -0.495143014124732 -0.488218275241634
-2.09965740164544 -0.865751084303494 -0.47318080124681 -0.51531381473966
-2.06808360613198 -0.880344129816607 -0.451191745567382 -0.542881068107656
-2.03650981061851 -0.894242473617601 -0.429175847086447 -0.570898114355677
-2.00493601510505 -0.90744526817735 -0.407133105804006 -0.599343005734067
-1.97336221959158 -0.919979776595432 -0.389283702663644 -0.628193891659883
-1.94178842407812 -0.932064253420787 -0.375833664281253 -0.657433038769769
-1.91021462856465 -0.943690178395633 -0.360237346781971 -0.6870466778716
-1.87864083305119 -0.954789785342018 -0.3424947501658 -0.717019260925292
-1.84706703753772 -0.96529530808199 -0.322605874432739 -0.747333100255318
-1.81549324202426 -0.975138980437598 -0.300570719582787 -0.777968368550703
-1.78391944651079 -0.98425303623089 -0.276389285615946 -0.808903098865029
-1.75234565099733 -0.992569709283915 -0.250061572532214 -0.84011318461643
-1.72077185548386 -1.00002123341872 -0.221587580331592 -0.871572379587598
-1.6891980599704 -1.00653984245736 -0.19096730901408 -0.903252297925776
-1.65762426445693 -1.01205777022187 -0.158200758579678 -0.935122414142765
-1.62605046894346 -1.01650725053431 -0.123287929028386 -0.967150063114918
-1.59447667343 -1.01982051721673 -0.0862288203602045 -0.999300440083144
-1.56290287791653 -1.02192980409117 -0.0470234325751323 -1.03153660065291
-1.53132908240307 -1.02276734497968 -0.00567176567317004 -1.06381946079422
-1.4997552868896 -1.02226537370432 0.0378261803456823 -1.09610779684167
-1.46818149137614 -1.02035612408712 0.0834704054814247 -1.12835824549436
-1.43660769586267 -1.01697182995014 0.131260909734057 -1.160525303816
-1.40503390034921 -1.01204472511543 0.18119769310358 -1.1925613292348
-1.37346010483574 -1.00550704340503 0.233280755589992 -1.22441653954357
-1.34188630932228 -0.997291018640993 0.287510097193295 -1.25603901289965
-1.31031251380881 -0.987328884645369 0.343885717913488 -1.28737468782493
-1.27873871829535 -0.975552875240206 0.402407617750571 -1.31836736320589
-1.24716492278188 -0.961895224247551 0.463075796704544 -1.34895869829351
-1.21559112726842 -0.946288165489453 0.525890254775407 -1.37908821270338
-1.18401733175495 -0.928663932787962 0.59085099196316 -1.4086932864156
-1.15244353624149 -0.909313342502507 0.622067026479983 -1.43771155349362
-1.12086974072802 -0.889500516525645 0.632909973273372 -1.46611014475142
-1.08929594521456 -0.869349131932191 0.643512570868129 -1.49387780513591
-1.05772214970109 -0.848866777458593 0.653874819264255 -1.52100396486918
-1.02614835418763 -0.8280610418413 0.663996718461749 -1.54747829377851
-0.994574558674161 -0.806939513816763 0.673878268460613 -1.57329070129641
-0.963000763160696 -0.78550978212143 0.683519469260845 -1.59843133646059
-0.931426967647231 -0.763779435491751 0.692920320862446 -1.62289058791398
-0.899853172133765 -0.741756062664175 0.702080823265416 -1.64665908390472
-0.8682793766203 -0.719447252375152 0.711000976469755 -1.66972769228617
-0.836705581106835 -0.696860593361131 0.719680780475462 -1.69208752051688
-0.805131785593369 -0.674003674358562 0.728120235282538 -1.71372991566065
-0.773557990079904 -0.650884084103893 0.736319340890983 -1.73464646438646
-0.741984194566439 -0.627509411333575 0.744278097300797 -1.75482899296852
-0.710410399052974 -0.603887244784057 0.751996504511979 -1.77426956728624
-0.678836603539508 -0.580025173191788 0.759474562524531 -1.79296049282427
-0.647262808026043 -0.555930785293218 0.766712271338451 -1.81089431467243
-0.615689012512578 -0.531611669824795 0.77370963095374 -1.8280638175258
-0.584115216999112 -0.50707541552297 0.780466641370397 -1.84446202568463
-0.552541421485647 -0.482329611124191 0.786983302588424 -1.86008220305441
-0.520967625972182 -0.457381845364909 0.793259614607819 -1.87491785314585
-0.489393830458717 -0.432239706981573 0.799295577428583 -1.88896271907483
-0.457820034945251 -0.406910784710631 0.805091191050715 -1.90221078356249
-0.426246239431786 -0.381402667288534 0.810646455474217 -1.91465626893517
-0.394672443918321 -0.355722943451731 0.815961370699087 -1.9262936371244
-0.363098648404855 -0.329879201936671 0.821035936725326 -1.93711758966694
-0.33152485289139 -0.303879031479804 0.825870153552934 -1.94712306770478
-0.299951057377925 -0.277730020817579 0.830464021181911 -1.95630525198508
-0.26837726186446 -0.251439758686445 0.834817539612256 -1.96465956286027
-0.236803466350994 -0.225015833822852 0.83893070884397 -1.97218166028793
-0.205229670837529 -0.198465834963249 0.842803528877053 -1.97886744383091
-0.173655875324064 -0.171797350844087 0.846435999711505 -1.98471305265722
-0.142082079810599 -0.144893531252073 0.859907732356637 -1.98971384621147
-0.110508284297133 -0.117498050666826 0.875223181132393 -1.99385746762418
-0.078934488783668 -0.0896378807904349 0.889342856236245 -1.99712867439322
-0.0473606932702027 -0.0613507767362966 0.902266757668192 -1.99951339055005
-0.0157868977567375 -0.0326744936178083 0.913994885428235 -2.00099873219835
0.0157868977567278 -0.00364678654836727 0.924527239516373 -2.00157300751405
0.047360693270193 0.0256945893586296 0.933863819932607 -2.00122571674529
0.0789344887836583 0.0553118789897851 0.942004626676937 -1.99994755221246
0.110508284297124 0.0851673272317021 0.948949659749362 -1.99773039830815
0.142082079810589 0.115223178970984 0.954698919149882 -1.99456733149722
0.173655875324054 0.145441679094232 0.959252404878499 -1.99045262031673
0.205229670837519 0.175785072488052 0.962610116935211 -1.98538172537598
0.236803466350985 0.206215604039044 0.964772055320019 -1.9793512993565
0.26837726186445 0.236695518633812 0.965738220032922 -1.97235918701204
0.299951057377915 0.26718706115896 0.965508611073921 -1.9644044251686
0.33152485289138 0.297652476501089 0.964083228443015 -1.9554872427244
0.363098648404846 0.328054009546803 0.961462072140205 -1.94560906064988
0.394672443918311 0.358353905182705 0.957645142165491 -1.93477249198773
0.426246239431776 0.388514408295397 0.952632438518872 -1.92298134185284
0.457820034945242 0.418497763771483 0.946423961200349 -1.91024060743237
0.489393830458707 0.448266216497565 0.939019710209921 -1.89655647798568
0.520967625972172 0.477782011360247 0.930419685547589 -1.88193633484436
0.552541421485637 0.507007393246131 0.920623887213353 -1.86638875141226
0.584115216999103 0.53590460704182 0.909632315207213 -1.84992349316542
0.615689012512568 0.564435897633917 0.897444969529168 -1.83255151765213
0.647262808026033 0.592563509909025 0.884061850179218 -1.81428497449292
0.678836603539499 0.620249688753747 0.869482957157364 -1.79513720538054
0.710410399052964 0.647456679054685 0.853708290463606 -1.77512274407995
0.741984194566429 0.674146725698443 0.836737850097943 -1.75425731642838
0.773557990079894 0.700234311373107 0.812487705338033 -1.73255808957088
0.80513178559336 0.725398906484471 0.781477609213816 -1.71004918754643
0.836705581106825 0.749579429185421 0.750152949923882 -1.68676125305983
0.86827937662029 0.772765947522886 0.71851372746823 -1.66272551380687
0.899853172133756 0.794948529543797 0.68655994184686 -1.63797351107277
0.931426967647221 0.816117243295081 0.654291593059772 -1.61253709973225
0.963000763160686 0.83626215682367 0.621708681106966 -1.58644844824944
0.994574558674151 0.855373338176493 0.588811205988443 -1.55974003867796
1.02614835418762 0.873440855400479 0.555599167704203 -1.53244466666086
1.05772214970108 0.890454776542558 0.522072566254244 -1.50459544143067
1.08929594521455 0.906405169649658 0.488231401638568 -1.47622578580934
1.12086974072801 0.921282102768711 0.454075673857174 -1.44736943620832
1.15244353624148 0.935075643946646 0.419605382910062 -1.41806044262848
1.18401733175494 0.947775861230391 0.384820528797233 -1.38833316866015
1.21559112726841 0.959372822666877 0.349721111518686 -1.35822229148314
1.24716492278187 0.969856596303033 0.314307131074421 -1.32776280186669
1.27873871829534 0.979217250185789 0.278578587464438 -1.29699000416951
1.3103125138088 0.987444852362074 0.242535480688738 -1.26593951633974
1.34188630932227 0.994529470878818 0.20617781074732 -1.23464726991501
1.37346010483573 1.00046117378295 0.169505577640184 -1.20314951002239
1.4050339003492 1.0052300291214 0.13251878136733 -1.17148279537839
1.43660769586266 1.0088261049411 0.0952174219287589 -1.13968399828901
1.46818149137613 1.01123946928897 0.0576014993244699 -1.10779030464967
1.49975528688959 1.01246019021195 0.0196710135544632 -1.07583921394527
1.53132908240306 1.01247833575697 -0.0185740353812614 -1.04386853925014
1.56290287791652 1.01128397397095 -0.0571336474827036 -1.0119164072281
1.59447667342999 1.00886717290083 -0.0960078227498635 -0.980021258132397
1.62605046894345 1.00521800059354 -0.135196561182741 -0.948221845805743
1.65762426445692 1.00032652509599 -0.174699862781337 -0.916557237680305
1.68919805997039 0.994182814455137 -0.21451772754565 -0.885066814777707
1.72077185548385 0.986861504554972 -0.245926967085359 -0.853789723624843
1.75234565099732 0.978689681672449 -0.271631743569725 -0.822757632578166
1.78391944651078 0.969713320039318 -0.296889402074525 -0.791996295311646
1.81549324202425 0.959946536867236 -0.321699942599759 -0.761530891300303
1.84706703753771 0.94940344936786 -0.346063365145427 -0.731386154285198
1.87864083305118 0.938098174752848 -0.369979669711528 -0.701586372273442
1.91021462856464 0.926044830233857 -0.393448856298064 -0.672155387538188
1.94178842407811 0.913257533022544 -0.416470924905033 -0.643116596618639
1.97336221959157 0.899750400330566 -0.439045875532436 -0.61449295032004
2.00493601510504 0.88553754936958 -0.461173708180272 -0.586306953713686
2.0365098106185 0.870633097351244 -0.482854422848543 -0.558580666136914
2.06808360613197 0.855051161487215 -0.504088019537247 -0.531335701193109
2.09965740164543 0.83880585898915 -0.524874498246385 -0.504593226751702
2.1312311971589 0.821911307068706 -0.545213858975957 -0.478373964948169
2.16280499267236 0.804381622937541 -0.565106101725962 -0.452698192184033
2.19437878818583 0.786230923807311 -0.584551226496402 -0.427585739126861
2.22595258369929 0.767473326889675 -0.603549233287275 -0.403055990710269
2.25752637921276 0.748122949396288 -0.622100122098582 -0.379127886133915
2.28910017472622 0.728193908538809 -0.640203892930323 -0.355819918863507
2.32067397023969 0.707700321528894 -0.657860545782498 -0.333150136630796
2.35224776575315 0.686656305578202 -0.675070080655106 -0.311136141433581
2.38382156126662 0.665075977898388 -0.691832497548148 -0.289795089535703
2.41539535678008 0.64297345570111 -0.708147796461624 -0.269143691467055
2.44696915229355 0.620362856198026 -0.724015977395534 -0.24919821202357
2.47854294780701 0.597258296600793 -0.739437040349877 -0.229974470267232
2.51011674332048 0.573673894121068 -0.754410985324655 -0.211487839526066
2.54169053883395 0.549623765970507 -0.768937812319866 -0.193753247394147
2.57326433434741 0.525122029360769 -0.783017521335511 -0.176785175731593
2.60483812986088 0.500182801503511 -0.79665011237159 -0.160597660664571
2.63641192537434 0.474820199610389 -0.809835585428103 -0.14520429258529
2.66798572088781 0.449048340893061 -0.822573940505049 -0.130618216152008
2.69955951640127 0.422881342563185 -0.834865177602429 -0.116852130289029
2.73113331191474 0.396333321832417 -0.846709296720243 -0.1039182881867
2.7627071074282 0.369418395912414 -0.858106297858491 -0.0918284973014163
2.79428090294167 0.342185557359883 -0.866664598831097 -0.0805938079771448
2.82585469845513 0.314658465435396 -0.877563428892497 -0.0702233731227031
2.8574284939686 0.286734110397534 -0.89182870133544 -0.0607280649234378
2.88900228948206 0.258306200882934 -0.909460416159925 -0.0521221044945417
2.92057608499553 0.229268445528231 -0.930458573365953 -0.0444230689729789
2.95214988050899 0.199514552970065 -0.954823172953523 -0.0376518915174855
2.98372367602246 0.168938231845072 -0.982554214922636 -0.0318328613085689
3.01529747153592 0.13743319078989 -1.01365169927329 -0.0269936235485085
3.04687126704939 0.104893138441155 -1.04811562600549 -0.0231651794613551
3.07844506256285 0.0712117834355056 -1.08594599511923 -0.0203818862929314
3.11001885807632 0.0362828344095787 -1.12714280661452 -0.0186814573108315
3.14159265358979 4.5102810375397E-17 -1.17170606049136 -0.0181049618044214
