-2 0 4.46351256620413 0
-1.97989949748744 0.0874380655541127 4.235662646157 0.00088644604893647
-1.95979899497487 0.170241219533024 4.00233886447165 0.00348404342880722
-1.93969849246231 0.248299434567123 3.76354122114806 0.00769852228513974
-1.91959798994975 0.321502683286795 3.51926971618625 0.0134334011580422
-1.89949748743719 0.389740938322428 3.26952434958621 0.0205899869822033
-1.87939698492462 0.452904172304411 3.01430512134794 0.0290673750868926
-1.85929648241206 0.510882357863129 2.75361203147144 0.0387624491959602
-1.8391959798995 0.56356546762897 2.48744507995672 0.0495698814278367
-1.81909547738693 0.610843474232322 2.21580426680376 0.0613821322955337
-1.79899497487437 0.652606350303572 1.93868959201258 0.0740894507066431
-1.77889447236181 0.688744068473108 1.65610105558317 0.0875798739633376
-1.75879396984925 0.719146601371317 1.36803865751553 0.101739227762371
-1.73869346733668 0.743703921628585 1.07450239780966 0.116451126195076
-1.71859296482412 0.762306001875302 0.775492276465564 0.131596971747369
-1.69849246231156 0.774842814741853 0.47100829348324 0.147055955299744
-1.67839195979899 0.781204332858626 0.161050448862687 0.162705056127277
-1.65829145728643 0.78128052885601 -0.154381257396094 0.178419041899626
-1.63819095477387 0.774499848724424 -0.519068816757559 0.194067387208786
-1.6180904522613 0.760570656939406 -0.862941576568385 0.209506809401844
-1.59798994974874 0.739967290441607 -1.18314920067933 0.224598373921843
-1.57788944723618 0.713165430350621 -1.47969168909039 0.239212707217968
-1.55778894472362 0.680640757786045 -1.75256904180157 0.253229997168946
-1.53768844221105 0.642868953867475 -2.00178125881288 0.266539993083042
-1.51758793969849 0.600325699714505 -2.2273283401243 0.279042005698061
-1.49748743718593 0.553486676446731 -2.42921028573584 0.290644907181348
-1.47738693467336 0.50282756518375 -2.60742709564749 0.301267131129788
-1.4572864321608 0.448824047045156 -2.76197876985927 0.310836672569803
-1.43718592964824 0.391951803150545 -2.89286530837117 0.319291087957358
-1.41708542713568 0.332686514619513 -3.00008671118318 0.326577495177956
-1.39698492462311 0.271503862571655 -3.08364297829532 0.33265257354664
-1.37688442211055 0.208879528126567 -3.14353410970757 0.337482563807991
-1.35678391959799 0.145289192403845 -3.17976010541994 0.341043268136133
-1.33668341708542 0.0812085365230843 -3.19232096543243 0.343320050134725
-1.31658291457286 0.0171132416038801 -3.18121668974505 0.344307834836971
-1.2964824120603 -0.0465210112341718 -3.14644727835778 0.344011108705609
-1.27638190954774 -0.109218540871476 -3.08801273127062 0.342443919632922
-1.25628140703517 -0.170503666188436 -3.00591304848359 0.339629876940728
-1.23618090452261 -0.229900706065457 -2.90014822999668 0.335602151380388
-1.21608040201005 -0.286933979382943 -2.77071827580988 0.3304034751328
-1.19597989949748 -0.3411278050213 -2.61762318592321 0.324086141808404
-1.17587939698492 -0.39200650186093 -2.44086296033665 0.316712006447178
-1.15577889447236 -0.439094388782238 -2.24043759905021 0.30835248551864
-1.1356783919598 -0.48191578466563 -2.01634710206389 0.299088556921848
-1.11557788944723 -0.519995008391509 -1.76859146937769 0.289010759985399
-1.09547738693467 -0.552856378840278 -1.49717070099161 0.27821919546743
-1.07537688442211 -0.580024214892344 -1.20208479690565 0.266823525555617
-1.05527638190954 -0.601022835428112 -0.883333757119809 0.254942973867177
-1.03517587939698 -0.615376559327983 -0.540917581634087 0.242706325448865
-1.01507537688442 -0.622609705472364 -0.174836270448482 0.230251926776976
-0.994974874371855 -0.622246592741658 0.214910176437002 0.217727685757346
-0.974874371859292 -0.614212040615214 0.556250699736463 0.205289555780207
-0.954773869346729 -0.600283260371154 0.824221739641989 0.193074550489623
-0.934673366834167 -0.581296239821789 1.05954561011428 0.18119145647085
-0.914572864321604 -0.55790720347834 1.26222231115335 0.169735351674637
-0.894472361809041 -0.530772375852027 1.43225184275917 0.158788123609294
-0.874371859296478 -0.500547981454073 1.56963420493177 0.148418469340697
-0.854271356783916 -0.467890244795697 1.67436939767114 0.138681895492282
-0.834170854271353 -0.433455390388119 1.74645742097727 0.129620718245052
-0.81407035175879 -0.397899642742562 1.78589827485017 0.121264063337571
-0.793969849246227 -0.361879226370245 1.79269195928984 0.113627866065966
-0.773869346733664 -0.326050365782389 1.76683847429627 0.10671487128393
-0.753768844221102 -0.291069285490215 1.70833781986947 0.100514633402716
-0.733668341708539 -0.257592210004945 1.61718999600945 0.0950035163911444
-0.713567839195976 -0.226275363837797 1.49339500271618 0.0901446937755955
-0.693467336683413 -0.197774971499994 1.33695283998969 0.0858881486400146
-0.67336683417085 -0.172747257502756 1.14786350782996 0.0821706736259102
-0.653266331658288 -0.151848446357304 0.926127006237004 0.0789158709323541
-0.633165829145725 -0.135734762574858 0.671743335210812 0.0760341523159817
-0.613065326633162 -0.124980296853952 0.428150551287731 0.0734228428717838
-0.592964824120599 -0.117073422154347 0.358941089027558 0.0709924724043135
-0.572864321608036 -0.110536128141102 0.291877272994864 0.0687071972194391
-0.552763819095474 -0.105325286246831 0.226959103189649 0.0665399215100718
-0.532663316582911 -0.101397767904148 0.164186579611912 0.0644644163749998
-0.512562814070348 -0.0987104445456658 0.103559702261654 0.0624553198188886
-0.492462311557785 -0.097220187603998 0.0450784711388754 0.0604881367522808
-0.472361809045223 -0.0968838685117581 -0.0112571137564247 0.058539238991596
-0.45226130653266 -0.0976583587015596 -0.0654470524242459 0.0565858652591311
-0.432160804020097 -0.099500529606016 -0.117491344864588 0.0546061211830599
-0.412060301507534 -0.102367252657741 -0.167389991077452 0.0525789792974335
-0.391959798994971 -0.106215399289348 -0.215142991062837 0.05048427904218
-0.371859296482409 -0.11100184093345 -0.260750344820743 0.0483027267631047
-0.351758793969846 -0.116683449022661 -0.30421205235117 0.0460158957118898
-0.331658291457283 -0.123217094989594 -0.345528113654118 0.043606226046095
-0.31155778894472 -0.130559650266863 -0.384698528729588 0.0410570248291569
-0.291457286432157 -0.138667986287082 -0.421723297577578 0.038352466030389
-0.271356783919595 -0.147498974482863 -0.45660242019809 0.0354775905249823
-0.251256281407032 -0.157009486286821 -0.489335896591123 0.0324183060940047
-0.231155778894469 -0.167156393131568 -0.519923726756677 0.0291613874244013
-0.211055276381906 -0.177896566449719 -0.548365910694753 0.0256944761089943
-0.190954773869343 -0.189186877673887 -0.57466244840535 0.0220060806464828
-0.170854271356781 -0.200984198236685 -0.598813339888467 0.0180855764414435
-0.150753768844218 -0.213245399570727 -0.620818585144106 0.0139232058043297
-0.130653266331655 -0.225927353108626 -0.640678184172266 0.00951007795147218
-0.110552763819092 -0.238986930282995 -0.658392136972948 0.00483816900507862
-0.0904522613065293 -0.252381002526449 -0.67396044354615 -9.96780067660519E-05
-0.0703517587939665 -0.266066441271601 -0.687383103891873 -0.00530975315009987
-0.0502512562814036 -0.280000117951064 -0.698660118010118 -0.0107974795850838
-0.0301507537688408 -0.294138903997452 -0.707791485900884 -0.0165674135660015
-0.010050251256278 -0.308439670843378 -0.714777207564171 -0.0226232444412596
0.0100502512562848 -0.322859289921456 -0.719617282999979 -0.0289677946533879
0.0301507537688476 -0.337354632664298 -0.722311712208309 -0.0356030197390385
0.0502512562814104 -0.35188257050452 -0.72286049518916 -0.042530008328987
0.0703517587939732 -0.366399974874734 -0.721263631942531 -0.0497489821481314
0.0904522613065361 -0.380863717207553 -0.717521122468424 -0.0572592960154929
0.110552763819099 -0.395230668935592 -0.711632966766838 -0.0650594378442154
0.130653266331662 -0.409457701491463 -0.703599164837773 -0.0731470286415658
0.150753768844225 -0.42350168630778 -0.69341971668123 -0.0815188225089339
0.170854271356787 -0.437319494817158 -0.681094622297207 -0.0901707066418321
0.19095477386935 -0.450867998452208 -0.666623881685707 -0.0990977013298961
0.211055276381913 -0.464104068645545 -0.650007494846726 -0.108293959956884
0.231155778894476 -0.476984576829781 -0.631245461780268 -0.117752769000678
0.251256281407039 -0.489466394437532 -0.61033778248633 -0.127466548033281
0.271356783919601 -0.50150639290141 -0.587284456964913 -0.137426849720821
0.291457286432164 -0.513061443654028 -0.562085485216018 -0.147624359823547
0.311557788944727 -0.524088418128 -0.534740867239644 -0.158048897195832
0.33165829145729 -0.53454418775594 -0.505250603035791 -0.168689413786173
0.351758793969853 -0.544385623970461 -0.47361469260446 -0.179533994637187
0.371859296482415 -0.553569598204176 -0.439833135945649 -0.190569857885617
0.391959798994978 -0.5620529818897 -0.403905933059359 -0.201783354762326
0.412060301507541 -0.569792646459645 -0.365833083945591 -0.213159969592301
0.432160804020104 -0.576745463346625 -0.325614588604344 -0.224684319794653
0.452261306532666 -0.582868303983253 -0.283250447035618 -0.236340155882615
0.472361809045229 -0.588118039802144 -0.238740659239414 -0.248110361463543
0.492462311557792 -0.59245154223591 -0.19208522521573 -0.259976953238915
0.512562814070355 -0.595825682717165 -0.143284144964567 -0.271921081004333
0.532663316582918 -0.598197332678523 -0.0923374184859265 -0.283923027649522
0.55276381909548 -0.599523363552596 -0.0392450457798059 -0.295962209158329
0.572864321608043 -0.599760646771999 0.0159929731537924 -0.308017174608724
0.592964824120606 -0.598866053769345 0.0733766383148704 -0.320065606172801
0.613065326633169 -0.596796455977247 0.132905949703428 -0.332084319116775
0.633165829145732 -0.593508724828319 0.194580907319462 -0.344049261800986
0.653266331658294 -0.588959731755175 0.258401511162976 -0.355935515679895
0.673366834170857 -0.583106348190428 0.32436776123397 -0.367717295302088
0.69346733668342 -0.575905445566691 0.392479657532443 -0.379367948310271
0.713567839195983 -0.565481943212607 0.757693059895425 -0.39085240965191
0.733668341708546 -0.544998535183932 1.2725219876063 -0.402030351344597
0.753768844221108 -0.514642227182257 1.74004660720903 -0.412695748419954
0.773869346733671 -0.475363859571564 2.16026691870363 -0.42265970681183
0.793969849246234 -0.428114272715834 2.53318292209009 -0.431752444823199
0.814070351758797 -0.373844306979052 2.85879461736841 -0.439823293126161
0.83417085427136 -0.313504802725199 3.1371020045386 -0.446740694761941
0.854271356783922 -0.248046600318258 3.36810508360065 -0.452392205140889
0.874371859296485 -0.178420540122212 3.55180385455456 -0.45668449204248
0.894472361809048 -0.105577462501044 3.68819831740034 -0.459543335615315
0.914572864321611 -0.0304682078187359 3.77728847213797 -0.460913628377121
0.934673366834173 0.0459563835607295 3.81907431876748 -0.460759375214748
0.954773869346736 0.122745471273369 3.81355585728884 -0.459063693384172
0.974874371859299 0.198948214955201 3.76073308770207 -0.455828812510497
0.994974874371862 0.273613774242242 3.66060601000715 -0.451076074587948
1.01507537688442 0.34579130877051 3.5131746242041 -0.444845933979879
1.03517587939699 0.414529978176021 3.31843893029292 -0.437197957418767
1.05527638190955 0.478878942094794 3.07639892827359 -0.428210824006215
1.07537688442211 0.537887360162845 2.78705461814613 -0.417982325212951
1.09547738693468 0.590604392016192 2.45040599991053 -0.406629364878829
1.11557788944724 0.636079197290853 2.06645307356679 -0.394287959212827
1.1356783919598 0.673360935622843 1.63519583911492 -0.38111323679305
1.15577889447237 0.701498766648182 1.1566342965549 -0.367279438566727
1.17587939698493 0.719541850002886 0.630768445886751 -0.352979917850213
1.19597989949749 0.726612840707137 0.0875986395958833 -0.338427018644442
1.21608040201005 0.723783402799907 -0.363865708361808 -0.323834971540082
1.23618090452262 0.712196611345998 -0.783758038298661 -0.309388874167036
1.25628140703518 0.692487079772965 -1.17207835021468 -0.295258375707875
1.27638190954774 0.665289421508362 -1.52882664410985 -0.281600369296374
1.29648241206031 0.631238249979743 -1.85400291998419 -0.268558992017515
1.31658291457287 0.590968178614664 -2.14760717783769 -0.256265624907483
1.33668341708543 0.545113820840679 -2.40963941767034 -0.244838892953669
1.35678391959799 0.494309790085342 -2.64009963948217 -0.234384665094668
1.37688442211056 0.439190699776209 -2.83898784327315 -0.22499605422028
1.39698492462312 0.380391163340832 -3.00630402904329 -0.216753417171512
1.41708542713568 0.318545794206768 -3.14204819679259 -0.209724354740573
1.43718592964825 0.254289205801571 -3.24622034652106 -0.203963711670879
1.45728643216081 0.188256011552794 -3.31882047822869 -0.19951357665705
1.47738693467337 0.121080824887993 -3.35984859191547 -0.196403282344911
1.49748743718593 0.0533982592347234 -3.36930468758142 -0.194649405331492
1.5175879396985 -0.0141570719794621 -3.34718876522653 -0.194255766165028
1.53768844221106 -0.0809505553270083 -3.2935008248508 -0.19521342934496
1.55778894472362 -0.146347577380361 -3.20824086645424 -0.197500703321932
1.57788944723619 -0.209713524711964 -3.09140889003683 -0.201083140497794
1.59798994974875 -0.270413783894265 -2.94300489559859 -0.2059135372256
1.61809045226131 -0.327813741499708 -2.7630288831395 -0.211931933809611
1.63819095477387 -0.381278784100739 -2.55148085265958 -0.219065614505291
1.65829145728644 -0.430174298269804 -2.30836080415882 -0.227229107519309
1.678391959799 -0.473865670579346 -2.03366873763722 -0.236324185009541
1.69849246231156 -0.511718287601813 -1.72740465309478 -0.246239863085065
1.71859296482413 -0.543097535909651 -1.3895685505315 -0.256852401806166
1.73869346733669 -0.567368802075302 -1.02016042994739 -0.268025305184333
1.75879396984925 -0.583897472671215 -0.619180291342433 -0.27960932118226
1.77889447236181 -0.59273246383054 -0.329409673809122 -0.291444627602224
1.79899497487438 -0.597829590102974 -0.17501516100882 -0.303415273717623
1.81909547738694 -0.599658129427308 -0.00418527247321578 -0.315456077878068
1.8391959798995 -0.597887722492281 0.18307999179769 -0.327498019649312
1.85929648241207 -0.592188009986629 0.386780631803899 -0.339465438208943
1.87939698492463 -0.58222863259909 0.60691664754541 -0.351276032346383
1.89949748743719 -0.567679231018402 0.843488039022223 -0.362840860462888
1.91959798994976 -0.548209445933303 1.09649480623434 -0.374064340571549
1.93969849246232 -0.523488918032531 1.36593694918176 -0.384844250297288
1.95979899497488 -0.493187288004822 1.65181446786447 -0.395071726876864
1.97989949748744 -0.456974196538915 1.9541273622825 -0.404631267158868
2 -0.414519284323562 2.27287563243571 -0.413400727603722
