-2 0 3.34986160682699 0
-1.97989949748744 0.0672598757537062 3.33881324258664 0.00067635064019332
-1.95979899497487 0.134075596161067 3.30566814986557 0.00270093868794568
-1.93969849246231 0.200003005875735 3.2504263286638 0.0060603725247743
-1.91959798994975 0.264597949551366 3.17308777898132 0.0107323327865412
-1.89949748743719 0.327416271841613 3.07365250081814 0.0166855723634532
-1.87939698492462 0.388013817400131 2.95212049417424 0.0238799164000618
-1.85929648241206 0.445946430880574 2.80849175904964 0.0322662622952637
-1.8391959798995 0.500769956936595 2.64276629544433 0.0417865797022999
-1.81909547738693 0.552040240221849 2.45494410335831 0.0523739105287566
-1.79899497487437 0.59931312538999 2.24502518279158 0.0639523689365645
-1.77889447236181 0.642144457094672 2.01300953374415 0.0764371413419994
-1.75879396984925 0.680090079989549 1.758897156216 0.0897344864156818
-1.73869346733668 0.712705838728276 1.48268805020715 0.103741735082577
-1.71859296482412 0.739547577964505 1.18438221571759 0.118347290521994
-1.69849246231156 0.760171142351893 0.86397965274732 0.13343062816759
-1.67839195979899 0.774132376544092 0.521480361296343 0.148862295707363
-1.65829145728643 0.780987125194756 0.156884341364659 0.164503913083657
-1.63819095477387 0.780418654059402 -0.209850786573823 0.180208782641197
-1.6180904522613 0.772697376180457 -0.554772699757373 0.195829602214433
-1.59798994974874 0.758262712868105 -0.877832637197799 0.211227012937005
-1.57788944723618 0.7375541008207 -1.1790305988951 0.226270488837371
-1.55778894472362 0.711010976736597 -1.45836658484928 0.240838336842449
-1.53768844221105 0.67907277731415 -1.71584059506034 0.254817696777614
-1.51758793969849 0.642178939251713 -1.95145262952827 0.268104541366703
-1.49748743718593 0.60076889924764 -2.16520268825309 0.280603676232011
-1.47738693467336 0.555282094000286 -2.35709077123477 0.292228739894292
-1.4572864321608 0.506157960208005 -2.52711687847334 0.30290220377276
-1.43718592964824 0.453835934569151 -2.67528100996878 0.312555372185089
-1.41708542713568 0.398755453782078 -2.8015831657211 0.321128382347411
-1.39698492462311 0.34135595454514 -2.9060233457303 0.328570204374319
-1.37688442211055 0.282076873556693 -2.98860154999637 0.334838641278864
-1.35678391959799 0.221357647515089 -3.04931777851932 0.339900328972557
-1.33668341708542 0.159637713118684 -3.08817203129914 0.343730736265368
-1.31658291457286 0.0973565070658307 -3.10516430833585 0.346314164865727
-1.2964824120603 0.0349534660548844 -3.10029460962943 0.347643749380523
-1.27638190954774 -0.027131973215801 -3.07356293517988 0.347721457315104
-1.25628140703517 -0.0884603740478711 -3.02496928498722 0.346558089073279
-1.23618090452261 -0.148592299742972 -2.95451365905143 0.344173277957314
-1.21608040201005 -0.207088313602749 -2.86219605737252 0.340595490167936
-1.19597989949748 -0.263508978928848 -2.74801647995048 0.33586202480433
-1.17587939698492 -0.317414859022916 -2.61197492678532 0.330019013864143
-1.15577889447236 -0.368366517186596 -2.45407139787704 0.323121422243479
-1.1356783919598 -0.415924516721536 -2.27430589322564 0.315233047736901
-1.11557788944723 -0.459649420929382 -2.07267841283111 0.306426521037434
-1.09547738693467 -0.499101793111779 -1.84918895669346 0.29678330573656
-1.07537688442211 -0.533842196570371 -1.60383752481269 0.286393698324222
-1.05527638190954 -0.563431194606807 -1.33662411718879 0.275356828188821
-1.03517587939698 -0.587429350522731 -1.04754873382177 0.263780657617218
-1.01507537688442 -0.605397227619789 -0.736611374711627 0.251781981794734
-0.994974874371855 -0.616895389199626 -0.403812039858364 0.239486428805147
-0.974874371859292 -0.621517545124336 -0.0577085719639219 0.227028363342314
-0.954773869346729 -0.619399130581204 0.263598253240764 0.214546020824926
-0.934673366834167 -0.611117316482087 0.555549683856506 0.202169191590681
-0.914572864321604 -0.597262161009679 0.818145719883306 0.190015832834847
-0.894472361809041 -0.578423722346671 1.05138636132116 0.178192041286711
-0.874371859296478 -0.555192058675756 1.25527160817008 0.166792053209573
-0.854271356783916 -0.528157228179626 1.42980146043005 0.155898244400752
-0.834170854271353 -0.497909289040973 1.57497591810107 0.145581130191582
-0.81407035175879 -0.46503829944249 1.69079498118316 0.135899365447412
-0.793969849246227 -0.430134317566869 1.7772586496763 0.12689974456761
-0.773869346733664 -0.393787401596803 1.8343669235805 0.118617201485558
-0.753768844221102 -0.356587609714983 1.86211980289576 0.111074809668655
-0.733668341708539 -0.319125000104102 1.86051728762207 0.104283782118316
-0.713567839195976 -0.281989630946853 1.82955937775944 0.0982434713699732
-0.693467336683413 -0.245771560425927 1.76924607330787 0.0929413694930737
-0.67336683417085 -0.211060846724017 1.67957737426735 0.0883531080910816
-0.653266331658288 -0.178447548023815 1.56055328063789 0.084442458301477
-0.633165829145725 -0.148521722508014 1.41217379241949 0.0811613307957563
-0.613065326633162 -0.121872621339861 1.2350760672125 0.0784497765460562
-0.592964824120599 -0.0988918986965778 1.05255650186505 0.0762371829359444
-0.572864321608036 -0.0795165542871627 0.87634093294259 0.074450066191528
-0.552763819095474 -0.0636198746156361 0.70642936044514 0.0730172299010307
-0.532663316582911 -0.051075146186018 0.542821784372695 0.0718700246576203
-0.512562814070348 -0.0417556555023284 0.385518204725254 0.070942348059409
-0.492462311557785 -0.0355346890685874 0.234518621502819 0.0701706447094533
-0.472361809045223 -0.0322855333888148 0.0898230347053875 0.0694939062157541
-0.45226130653266 -0.0318814749670307 -0.0485685556670387 0.0688536711912565
-0.432160804020097 -0.0341958003072552 -0.18065614961446 0.06819402525385
-0.412060301507534 -0.0391017959135081 -0.306439747136877 0.0674616010263683
-0.391959798994971 -0.0464727482898096 -0.425919348234289 0.0666055781365897
-0.371859296482409 -0.0561819439401797 -0.539094952906696 0.0655776832172365
-0.351758793969846 -0.0681026693686382 -0.645966561154098 0.0643321899059755
-0.331658291457283 -0.0821082110792054 -0.746534172976496 0.0628259188454178
-0.31155778894472 -0.0980718555759009 -0.840797788373889 0.0610182376831188
-0.291457286432157 -0.115866889362745 -0.928757407346276 0.0588710610715783
-0.271356783919595 -0.135366598943758 -1.01041302989366 0.0563488506682402
-0.251256281407032 -0.156444270822959 -1.08576465601604 0.0534186151354929
-0.231155778894469 -0.178973191504369 -1.15481228571341 0.0500499101406692
-0.211055276381906 -0.202826647492007 -1.21755591898578 0.0462148383560461
-0.190954773869343 -0.227877925289895 -1.27399555583314 0.0418880494588448
-0.170854271356781 -0.25400031140205 -1.3241311962555 0.0370467401312311
-0.150753768844218 -0.281067092332494 -1.36796284025286 0.0316706540603149
-0.130653266331655 -0.308951554585247 -1.40549048782521 0.0257420819381506
-0.110552763819092 -0.337526984664328 -1.43671413897255 0.0192458614617366
-0.0904522613065293 -0.366666669073758 -1.46163379369489 0.0121693773330161
-0.0703517587939665 -0.396243894317557 -1.48024945199223 0.00450256125887617
-0.0502512562814036 -0.426131946899744 -1.49256111386456 -0.00376210804885148
-0.0301507537688408 -0.45620411332434 -1.49856877931188 -0.012629604873391
-0.010050251256278 -0.486333680095364 -1.49827244833421 -0.0221023564930221
0.0100502512562848 -0.516393933716837 -1.49167212093152 -0.0321802431810803
0.0301507537688476 -0.546258160692779 -1.47876779710383 -0.0428605982059567
0.0502512562814104 -0.575799647527209 -1.45955947685114 -0.0541382078310982
0.0703517587939732 -0.604891680724148 -1.43404716017344 -0.066005311315007
0.0904522613065361 -0.633407546787615 -1.40223084707074 -0.0784516009112416
0.110552763819099 -0.661220532221631 -1.36411053754303 -0.0914642218684158
0.130653266331662 -0.688203923530216 -1.31968623159032 -0.105027772430199
0.150753768844225 -0.714231007217389 -1.2689579292126 -0.119124303835316
0.170854271356787 -0.739175069787172 -1.21192563040988 -0.133733320317549
0.19095477386935 -0.762909397743582 -1.14858933518215 -0.148831779105733
0.211055276381913 -0.785307277590642 -1.07894904352942 -0.164394090423761
0.231155778894476 -0.806241995832369 -1.00300475545168 -0.18039211749058
0.251256281407039 -0.825586838972786 -0.92075647094894 -0.196795176520195
0.271356783919601 -0.843215093515911 -0.832204190021195 -0.213570036721665
0.291457286432164 -0.859000045965766 -0.737347912668443 -0.230680920299105
0.311557788944727 -0.872814982826368 -0.636187638890688 -0.248089502451684
0.33165829145729 -0.884533190601739 -0.528723368687927 -0.26575491137363
0.351758793969853 -0.894027955795899 -0.414955102060162 -0.283633728254225
0.371859296482415 -0.901172564912868 -0.294882839007393 -0.301679987277806
0.391959798994978 -0.905840304456665 -0.168506579529617 -0.319845175623766
0.412060301507541 -0.907904460931312 -0.0358263236268375 -0.338078233466555
0.432160804020104 -0.907238320840827 0.103157928700947 -0.356325553975677
0.452261306532666 -0.903715170689229 0.248446177453735 -0.374530983315693
0.472361809045229 -0.897208296980541 0.400038422631528 -0.392635820646219
0.492462311557792 -0.887590986218783 0.557934664234326 -0.410578818121926
0.512562814070355 -0.874736524907973 0.722134902262132 -0.428296180892541
0.532663316582918 -0.85851819955213 0.892639136714941 -0.445721567102849
0.55276381909548 -0.838809296655278 1.06944736759275 -0.462786087892687
0.572864321608043 -0.815483102721434 1.25255959489557 -0.47941830739695
0.592964824120606 -0.788412904254619 1.44197581862339 -0.495544242745589
0.613065326633169 -0.757471987758852 1.63769603877622 -0.511087364063609
0.633165829145732 -0.722533639738153 1.83972025535405 -0.525968594471071
0.653266331658294 -0.683471146696545 2.04804846835689 -0.540106310083093
0.673366834170857 -0.640157795138045 2.26268067778473 -0.553416340009848
0.69346733668342 -0.592466871566673 2.48361688363758 -0.565811966356563
0.713567839195983 -0.540297247340832 2.70461352030122 -0.577204002854647
0.733668341708546 -0.483913574872474 2.90104861933078 -0.587504192766677
0.753768844221108 -0.423853615245908 3.07040409254298 -0.596633183170069
0.773869346733671 -0.360661682547915 3.21267993993782 -0.604522549338898
0.793969849246234 -0.294882090865275 3.3278761615153 -0.611114807533907
0.814070351758797 -0.22705915428477 3.41599275727542 -0.616363415002508
0.83417085427136 -0.15773718689318 3.47702972721818 -0.620232769978782
0.854271356783922 -0.0874605027772877 3.51098707134358 -0.622698211683478
0.874371859296485 -0.0167734160238731 3.51786478965162 -0.623746020324016
0.894472361809048 0.0537797592802826 3.49766288214231 -0.623373417094483
0.914572864321611 0.123654709048398 3.45038134881563 -0.621588564175636
0.934673366834173 0.192307119193692 3.3760201896716 -0.618410564734901
0.954773869346736 0.259192675629384 3.2745794047102 -0.613869462926373
0.974874371859299 0.323767064268693 3.14605899393145 -0.608006243890815
0.994974874371862 0.385485971024837 2.99045895733533 -0.600872833755659
1.01507537688442 0.443805081811036 2.80777929492186 -0.592532099635008
1.03517587939699 0.498180082540508 2.59802000669103 -0.583057849629632
1.05527638190955 0.548066659126472 2.36118109264283 -0.572534832826971
1.07537688442211 0.592920497482147 2.09726255277728 -0.561058739301133
1.09547738693468 0.632197283520753 1.80626438709437 -0.548736200112895
1.11557788944724 0.665352703155507 1.48818659559409 -0.535684787309705
1.1356783919598 0.691842442299629 1.14302917827646 -0.522033013925676
1.15577889447237 0.711122186866337 0.770792135141472 -0.507920333981595
1.17587939698493 0.722647622768852 0.371475466189121 -0.493497142484914
1.19597989949749 0.725877357033123 -0.0531815010860118 -0.478924771750359
1.21608040201005 0.720621156248154 -0.465095961941684 -0.464373229426501
1.23618090452262 0.70736956017423 -0.848723332336983 -0.450008647514513
1.25628140703518 0.686691153544224 -1.20406361227191 -0.435986023058063
1.27638190954774 0.659154521091007 -1.53111680174646 -0.422448924261969
1.29648241206031 0.62532824754745 -1.82988290076065 -0.409529490492196
1.31658291457287 0.585780917646427 -2.10036190931446 -0.397348432275857
1.33668341708543 0.541081116120808 -2.34255382740789 -0.386015031301214
1.35678391959799 0.491797427703465 -2.55645865504096 -0.375627140417678
1.37688442211056 0.43849843712727 -2.74207639221365 -0.366271183635808
1.39698492462312 0.381752729125096 -2.89940703892597 -0.358022156127309
1.41708542713568 0.322128888429813 -3.02845059517792 -0.350943624225037
1.43718592964825 0.260195499774294 -3.12920706096949 -0.345087725422996
1.45728643216081 0.19652114789141 -3.20167643630069 -0.340495168376338
1.47738693467337 0.131674417514033 -3.24585872117153 -0.337195232901362
1.49748743718593 0.0662238933750357 -3.26175391558198 -0.335205769975516
1.5175879396985 0.000738160207288951 -3.24936201953207 -0.334533201737399
1.53768844221106 -0.0642141972563352 -3.20868303302178 -0.335172521486754
1.55778894472362 -0.128064594282965 -3.13971695605112 -0.337107293684474
1.57788944723619 -0.190244446139729 -3.04246378862009 -0.340309653952602
1.59798994974875 -0.250185168093754 -2.91692353072868 -0.344740309074328
1.61809045226131 -0.307318175412169 -2.7630961823769 -0.350348536993989
1.63819095477387 -0.361074883362103 -2.58098174356476 -0.357072186817072
1.65829145728644 -0.410886707210684 -2.37058021429223 -0.364837678810212
1.678391959799 -0.456185062225039 -2.13189159455934 -0.373560004401192
1.69849246231156 -0.496401363672297 -1.86491588436607 -0.383142726178943
1.71859296482413 -0.530967026819585 -1.56965308371243 -0.393477977893546
1.73869346733669 -0.559313466934033 -1.24610319259842 -0.404446464456227
1.75879396984925 -0.580872099282769 -0.894266211024037 -0.415917461939365
1.77889447236181 -0.595096862427645 -0.521170906653088 -0.427748871707465
1.79899497487438 -0.602016700460989 -0.172881382805097 -0.439791890420666
1.81909547738694 -0.602269115209375 0.142237710200228 -0.451905875255077
1.8391959798995 -0.596520849001299 0.424186372362886 -0.463963508580129
1.85929648241207 -0.585438644165257 0.672964603682877 -0.475850874621106
1.87939698492463 -0.569689243029744 0.888572404160201 -0.487467459459138
1.89949748743719 -0.549939387923256 1.07100977379486 -0.498726151031206
1.91959798994976 -0.52685582117429 1.22027671258685 -0.50955323913014
1.93969849246232 -0.50110528511134 1.33637322053617 -0.519888415404618
1.95979899497488 -0.473354522062904 1.41929929764283 -0.529684773359169
1.97989949748744 -0.444270274357476 1.46905494390682 -0.538908808354169
2 -0.414519284323562 1.48564015932814 -0.547540417605842
