-2 0 2.27962995734495 0
-1.97989949748744 0.048245702719246 2.5133024763065 0.000477013871458918
-1.95979899497487 0.100735175452985 2.70188507378698 0.00196795970740349
-1.93969849246231 0.156562088121195 2.8453777497864 0.00454903057264742
-1.91959798994975 0.214820110643855 2.94378050430474 0.00827820184195374
-1.89949748743719 0.274602912940944 2.99709333734201 0.0131952312000348
-1.87939698492462 0.335004164932439 3.00531624889821 0.0193216586415522
-1.85929648241206 0.395117536538319 2.96844923897335 0.026660806471117
-1.8391959798995 0.454036697678563 2.88649230756741 0.0351977793032895
-1.81909547738693 0.51085531827315 2.7594454546804 0.0448994640625792
-1.79899497487437 0.564667068242056 2.58730868031231 0.0557145299834452
-1.77889447236181 0.614565617505263 2.37008198446316 0.0675734286102955
-1.75879396984925 0.659644635982746 2.10776536713294 0.0803883937974878
-1.73869346733668 0.698997793594486 1.80035882832165 0.094053441709329
-1.71859296482412 0.731718760260461 1.44786236802928 0.108444370820075
-1.69849246231156 0.756901205900648 1.05027598625585 0.123418761913932
-1.67839195979899 0.773638800435027 0.607599683001344 0.138815978085054
-1.65829145728643 0.781025213783576 0.119833458265769 0.154457164737546
-1.63819095477387 0.779292072561875 -0.283578067447235 0.17015219025073
-1.6180904522613 0.769795477992778 -0.657150887085416 0.185733487243574
-1.59798994974874 0.753042075295827 -1.0056304761688 0.201050120299835
-1.57788944723618 0.729536251014835 -1.3290168346974 0.215961293141001
-1.55778894472362 0.699782391693618 -1.62730996267119 0.230336347911552
-1.53768844221105 0.664284883875991 -1.9005098600902 0.244054765178959
-1.51758793969849 0.623548114105769 -2.14861652695441 0.257006163933685
-1.49748743718593 0.578076468926767 -2.37162996326382 0.269090301589183
-1.47738693467336 0.5283743348828 -2.56955016901845 0.280217073981897
-1.4572864321608 0.474946098517682 -2.74237714421827 0.290306515371264
-1.43718592964824 0.418296146375229 -2.89011088886331 0.299288798439712
-1.41708542713568 0.358928864999256 -3.01275140295355 0.307104234292657
-1.39698492462311 0.297348640933577 -3.11029868648899 0.313703272458511
-1.37688442211055 0.234059860722008 -3.18275273946964 0.319046500888674
-1.35678391959799 0.169566910908363 -3.2301135618955 0.32310464595754
-1.33668341708542 0.104374178036458 -3.25238115376656 0.32585857246249
-1.31658291457286 0.0389860486501078 -3.24955551508283 0.3272992836239
-1.2964824120603 -0.0260930907068733 -3.2216366458443 0.327427921085136
-1.27638190954774 -0.09035885349067 -3.16862454605098 0.326255764912556
-1.25628140703517 -0.153306853157467 -3.09051921570287 0.323804233595508
-1.23618090452261 -0.21443270316345 -2.98732065479996 0.320104884046332
-1.21608040201005 -0.273232016964804 -2.85902886334225 0.315199411600358
-1.19597989949748 -0.329200408017713 -2.70564384132976 0.30913965001591
-1.17587939698492 -0.381833489778364 -2.52716558876246 0.301987571474301
-1.15577889447236 -0.43062687570294 -2.32359410564038 0.293815286579836
-1.1356783919598 -0.475076179247627 -2.0949293919635 0.28470504435981
-1.11557788944723 -0.51467701386861 -1.84117144773182 0.274749232264512
-1.09547738693467 -0.548924993022074 -1.56232027294535 0.26405037616722
-1.07537688442211 -0.577315730164203 -1.25837586760409 0.252721140364203
-1.05527638190954 -0.599344838751184 -0.929338231708034 0.240884327574723
-1.03517587939698 -0.614507932239201 -0.575207365257182 0.228672878941033
-1.01507537688442 -0.62230062408444 -0.195983268251537 0.216229874028375
-0.994974874371855 -0.622218527743084 0.2083340593089 0.203708530824986
-0.974874371859292 -0.614212040615214 0.556250699736463 0.191270480439577
-0.954773869346729 -0.600283260371154 0.824221739641989 0.179055475148993
-0.934673366834167 -0.581296239821789 1.05954561011428 0.16717238113022
-0.914572864321604 -0.55790720347834 1.26222231115335 0.155716276334007
-0.894472361809041 -0.530772375852027 1.43225184275917 0.144769048268664
-0.874371859296478 -0.500547981454073 1.56963420493177 0.134399394000067
-0.854271356783916 -0.467890244795697 1.67436939767114 0.124662820151652
-0.834170854271353 -0.433455390388119 1.74645742097727 0.115601642904422
-0.81407035175879 -0.397899642742562 1.78589827485017 0.107244987996941
-0.793969849246227 -0.361879226370245 1.79269195928984 0.099608790725336
-0.773869346733664 -0.326050365782389 1.76683847429627 0.0926957959432996
-0.753768844221102 -0.291069285490215 1.70833781986947 0.0864955580620863
-0.733668341708539 -0.257592210004945 1.61718999600945 0.0809844410505144
-0.713567839195976 -0.226275363837797 1.49339500271618 0.0761256184349654
-0.693467336683413 -0.197774971499994 1.33695283998969 0.0718690732993846
-0.67336683417085 -0.172747257502756 1.14786350782996 0.0681515982852802
-0.653266331658288 -0.151848446357304 0.926127006237004 0.0648967955917241
-0.633165829145725 -0.135734762574858 0.671743335210812 0.0620150769753517
-0.613065326633162 -0.124980296853952 0.428150551287731 0.0594037675311538
-0.592964824120599 -0.117073422154347 0.358941089027558 0.0569733970636835
-0.572864321608036 -0.110536128141102 0.291877272994864 0.0546881218788091
-0.552763819095474 -0.105325286246831 0.226959103189649 0.0525208461694417
-0.532663316582911 -0.101397767904148 0.164186579611912 0.0504453410343698
-0.512562814070348 -0.0987104445456658 0.103559702261654 0.0484362444782586
-0.492462311557785 -0.097220187603998 0.0450784711388754 0.0464690614116508
-0.472361809045223 -0.0968838685117581 -0.0112571137564247 0.044520163650966
-0.45226130653266 -0.0976583587015596 -0.0654470524242459 0.0425667899185011
-0.432160804020097 -0.099500529606016 -0.117491344864588 0.0405870458424299
-0.412060301507534 -0.102367252657741 -0.167389991077452 0.0385599039568035
-0.391959798994971 -0.106215399289348 -0.215142991062837 0.03646520370155
-0.371859296482409 -0.11100184093345 -0.260750344820743 0.0342836514224747
-0.351758793969846 -0.116683449022661 -0.30421205235117 0.0319968203712598
-0.331658291457283 -0.123217094989594 -0.345528113654118 0.029587150705465
-0.31155778894472 -0.130559650266863 -0.384698528729588 0.0270379494885269
-0.291457286432157 -0.138667986287082 -0.421723297577578 0.024333390689759
-0.271356783919595 -0.147498974482863 -0.45660242019809 0.0214585151843523
-0.251256281407032 -0.157009486286821 -0.489335896591123 0.0183992307533747
-0.231155778894469 -0.167156393131568 -0.519923726756677 0.0151423120837713
-0.211055276381906 -0.177896566449719 -0.548365910694753 0.0116754007683643
-0.190954773869343 -0.189186877673887 -0.57466244840535 0.00798700530585283
-0.170854271356781 -0.200984198236685 -0.598813339888467 0.00406650110081349
-0.150753768844218 -0.213245399570727 -0.620818585144106 -9.58695363002648E-05
-0.130653266331655 -0.225927353108626 -0.640678184172266 -0.00450899738915782
-0.110552763819092 -0.238986930282995 -0.658392136972948 -0.00918090633555137
-0.0904522613065293 -0.252381002526449 -0.67396044354615 -0.0141187533473961
-0.0703517587939665 -0.266066441271601 -0.687383103891873 -0.0193288284907299
-0.0502512562814036 -0.280000117951064 -0.698660118010118 -0.0248165549257138
-0.0301507537688408 -0.294138903997452 -0.707791485900884 -0.0305864889066315
-0.010050251256278 -0.308439670843378 -0.714777207564171 -0.0366423197818896
0.0100502512562848 -0.322859289921456 -0.719617282999979 -0.0429868699940179
0.0301507537688476 -0.337354632664298 -0.722311712208309 -0.0496220950796685
0.0502512562814104 -0.35188257050452 -0.72286049518916 -0.056549083669617
0.0703517587939732 -0.366399974874734 -0.721263631942531 -0.0637680574887614
0.0904522613065361 -0.380863717207553 -0.717521122468424 -0.0712783713561229
0.110552763819099 -0.395230668935592 -0.711632966766838 -0.0790785131848454
0.130653266331662 -0.409457701491463 -0.703599164837773 -0.0871661039821958
0.150753768844225 -0.42350168630778 -0.69341971668123 -0.0955378978495639
0.170854271356787 -0.437319494817158 -0.681094622297207 -0.104189781982462
0.19095477386935 -0.450867998452208 -0.666623881685707 -0.113116776670526
0.211055276381913 -0.464104068645545 -0.650007494846726 -0.122313035297514
0.231155778894476 -0.476984576829781 -0.631245461780268 -0.131771844341308
0.251256281407039 -0.489466394437532 -0.61033778248633 -0.141485623373911
0.271356783919601 -0.50150639290141 -0.587284456964913 -0.151445925061451
0.291457286432164 -0.513061443654028 -0.562085485216018 -0.161643435164177
0.311557788944727 -0.524088418128 -0.534740867239644 -0.172067972536462
0.33165829145729 -0.53454418775594 -0.505250603035791 -0.182708489126803
0.351758793969853 -0.544385623970461 -0.47361469260446 -0.193553069977817
0.371859296482415 -0.553569598204176 -0.439833135945649 -0.204588933226247
0.391959798994978 -0.5620529818897 -0.403905933059359 -0.215802430102956
0.412060301507541 -0.569792646459645 -0.365833083945591 -0.227179044932931
0.432160804020104 -0.576745463346625 -0.325614588604344 -0.238703395135283
0.452261306532666 -0.582868303983253 -0.283250447035618 -0.250359231223245
0.472361809045229 -0.588118039802144 -0.238740659239414 -0.262129436804173
0.492462311557792 -0.59245154223591 -0.19208522521573 -0.273996028579545
0.512562814070355 -0.595825682717165 -0.143284144964567 -0.285940156344963
0.532663316582918 -0.598197332678523 -0.0923374184859265 -0.297942102990152
0.55276381909548 -0.599523363552596 -0.0392450457798059 -0.309981284498959
0.572864321608043 -0.599760646771999 0.0159929731537924 -0.322036249949354
0.592964824120606 -0.598866053769345 0.0733766383148704 -0.334084681513431
0.613065326633169 -0.596796455977247 0.132905949703428 -0.346103394457405
0.633165829145732 -0.593508724828319 0.194580907319462 -0.358068337141616
0.653266331658294 -0.588959731755175 0.258401511162976 -0.369954591020525
0.673366834170857 -0.583106348190428 0.32436776123397 -0.381736370642718
0.69346733668342 -0.575905445566691 0.392479657532443 -0.393387023650901
0.713567839195983 -0.565481943212607 0.757693059895425 -0.40487148499254
0.733668341708546 -0.544998535183932 1.2725219876063 -0.416049426685227
0.753768844221108 -0.514642227182257 1.74004660720903 -0.426714823760584
0.773869346733671 -0.475363859571564 2.16026691870363 -0.43667878215246
0.793969849246234 -0.428114272715834 2.53318292209009 -0.445771520163829
0.814070351758797 -0.373844306979052 2.85879461736841 -0.453842368466791
0.83417085427136 -0.313504802725199 3.1371020045386 -0.460759770102571
0.854271356783922 -0.248046600318258 3.36810508360065 -0.466411280481519
0.874371859296485 -0.178420540122212 3.55180385455456 -0.47070356738311
0.894472361809048 -0.105577462501044 3.68819831740034 -0.473562410955945
0.914572864321611 -0.0304682078187359 3.77728847213797 -0.474932703717751
0.934673366834173 0.0459563835607295 3.81907431876748 -0.474778450555378
0.954773869346736 0.122745471273369 3.81355585728884 -0.473082768724802
0.974874371859299 0.198948214955201 3.76073308770207 -0.469847887851127
0.994974874371862 0.273613774242242 3.66060601000715 -0.465095149928578
1.01507537688442 0.34579130877051 3.5131746242041 -0.458865009320509
1.03517587939699 0.414529978176021 3.31843893029292 -0.451217032759397
1.05527638190955 0.478878942094794 3.07639892827359 -0.442229899346845
1.07537688442211 0.537887360162845 2.78705461814613 -0.432001400553581
1.09547738693468 0.590604392016192 2.45040599991053 -0.420648440219459
1.11557788944724 0.636079197290853 2.06645307356679 -0.408307034553457
1.1356783919598 0.673360935622843 1.63519583911492 -0.39513231213368
1.15577889447237 0.701498766648182 1.1566342965549 -0.381298513907357
1.17587939698493 0.719541850002886 0.630768445886751 -0.366998993190843
1.19597989949749 0.72662854340275 0.0938045204772544 -0.352446067555246
1.21608040201005 0.72416061741535 -0.334537095248111 -0.3378508500567
1.23618090452262 0.713373828457113 -0.733922345121095 -0.323389820710882
1.25628140703518 0.694850214032608 -1.1043512291417 -0.309224343220677
1.27638190954774 0.669171811646407 -1.44582374730992 -0.295504082042648
1.29648241206031 0.63692065880308 -1.75833989962575 -0.282367002387033
1.31658291457287 0.598678793007197 -2.04189968608921 -0.26993937021775
1.33668341708543 0.555028251763328 -2.29650310670028 -0.258335752252392
1.35678391959799 0.506551072576045 -2.52215016145897 -0.247659015962229
1.37688442211056 0.453829292949918 -2.71884085036528 -0.238000329572208
1.39698492462312 0.397444950389517 -2.88657517341921 -0.229439162060954
1.41708542713568 0.337980082399412 -3.02535313062075 -0.222043283160768
1.43718592964825 0.276016726484175 -3.13517472196992 -0.215868763357629
1.45728643216081 0.212136920148376 -3.2160399474667 -0.210959973891191
1.47738693467337 0.146922700896585 -3.2679488071111 -0.207349586754786
1.49748743718593 0.0809561062333723 -3.29090130090311 -0.205058574695424
1.5175879396985 0.0148191736633091 -3.28489742884275 -0.204096211213792
1.53768844221106 -0.0509060593090344 -3.24993719093 -0.204460070564251
1.55778894472362 -0.115637555179088 -3.18602058716487 -0.206136027754843
1.57788944723619 -0.17879327644228 -3.09314761754736 -0.209098258547284
1.59798994974875 -0.239791185594042 -2.97131828207747 -0.213309239456969
1.61809045226131 -0.298049245129801 -2.82053258075519 -0.218719747752968
1.63819095477387 -0.352985417544988 -2.64079051358053 -0.225268861458029
1.65829145728644 -0.404017665335033 -2.43209208055349 -0.232883959348578
1.678391959799 -0.450563950995364 -2.19443728167407 -0.241480720954716
1.69849246231156 -0.492042237021413 -1.92782611694227 -0.250963126560222
1.71859296482413 -0.527870485908606 -1.63225858635808 -0.261223457202553
1.73869346733669 -0.557466660152375 -1.30773468992152 -0.27214229467284
1.75879396984925 -0.580248722248149 -0.954254427632565 -0.283588521515894
1.77889447236181 -0.595336979911957 -0.513627571266247 -0.295418338446121
1.79899497487438 -0.600915947957876 -0.0529833522690055 -0.307456490451984
1.81909547738694 -0.597929420323431 0.338639248929812 -0.319518373233839
1.8391959798995 -0.587764766210603 0.661240232330204 -0.331445759433305
1.85929648241207 -0.571809354821369 0.914819597932172 -0.343108308510135
1.87939698492463 -0.551450555357707 1.09937734573572 -0.354403566742209
1.89949748743719 -0.528075737021597 1.21491347574083 -0.365256967225537
1.91959798994976 -0.503072269015017 1.26142798794753 -0.375621829874263
1.93969849246232 -0.477827520539944 1.2389208823558 -0.385479361420657
1.95979899497488 -0.453728860798357 1.14739215896564 -0.394838655415122
1.97989949748744 -0.432163658992236 0.986841817777063 -0.403736692226189
2 -0.414519284323562 0.757269858790148 -0.412238339040518
