-2 0 0.499540763366686 0
-1.97989949748744 0.0167501642388919 1.15280777276665 0.000146348392411279
-1.95979899497487 0.0457694459147842 1.72031794834822 0.000755578578695828
-1.93969849246231 0.0853340895740408 2.20207129011139 0.00205698180930958
-1.91959798994975 0.133720339763026 2.59806779805617 0.00424520098388159
-1.89949748743719 0.189204441028102 2.90830747218255 0.00748023065121409
-1.87939698492462 0.250062637915635 3.13279031249053 0.0118874170092824
-1.85929648241206 0.314571174971987 3.27151631898011 0.0175574579052351
-1.8391959798995 0.381006296743523 3.3244854916513 0.0245464028353938
-1.81909547738693 0.447644247776607 3.29169783050409 0.0328756529452532
-1.79899497487437 0.512761272617602 3.17315333553848 0.0425319610294813
-1.77889447236181 0.574633615812872 2.96885200675447 0.0534674315319192
-1.75879396984925 0.631537521908781 2.67879384415207 0.065599520545581
-1.73869346733668 0.681749235451694 2.30297884773127 0.0788110358126542
-1.71859296482412 0.723545000987972 1.84140701749207 0.0929501367244993
-1.69849246231156 0.755201063063982 1.29407835343448 0.10783033432165
-1.67839195979899 0.774993666226086 0.660992855558483 0.123230491293813
-1.65829145728643 0.781199055020648 -0.057849476135905 0.138894821979867
-1.63819095477387 0.775865481510484 -0.451961373745638 0.154556466923361
-1.6180904522613 0.763199440256574 -0.804297714729618 0.170036318963746
-1.59798994974874 0.743693192125929 -1.13256195798072 0.185192020924452
-1.57788944723618 0.717830598379512 -1.43675410349894 0.199890944137212
-1.55778894472362 0.686095520278286 -1.71687415128428 0.214010185788253
-1.53768844221105 0.648971819083212 -1.97292210133674 0.22743656891829
-1.51758793969849 0.606943356055253 -2.20489795365632 0.240066642422533
-1.49748743718593 0.560493992455372 -2.41280170824303 0.251806681050683
-1.47738693467336 0.510107589544531 -2.59663336509685 0.262572685406931
-1.4572864321608 0.456268008583692 -2.75639292421779 0.272290381949961
-1.43718592964824 0.399459110833817 -2.89208038560585 0.280895222992948
-1.41708542713568 0.34016475755587 -3.00369574926104 0.288332386703561
-1.39698492462311 0.278868810010813 -3.09123901518334 0.294556777103957
-1.37688442211055 0.216055129459607 -3.15471018337277 0.299533024070789
-1.35678391959799 0.152207577163216 -3.19410925382931 0.303235483335197
-1.33668341708542 0.087810014382602 -3.20943622655297 0.305648236482816
-1.31658291457286 0.0233463023787269 -3.20069110154376 0.306765090953772
-1.2964824120603 -0.0406996975874467 -3.16787387880167 0.306589580042682
-1.27638190954774 -0.103844124254956 -3.11098455832669 0.305134962898656
-1.25628140703517 -0.165603116362839 -3.03002314011884 0.302424224525295
-1.23618090452261 -0.225492812650134 -2.9249896241781 0.29849007578069
-1.21608040201005 -0.283029351855877 -2.79588401050449 0.293374953377427
-1.19597989949748 -0.337728872719106 -2.642706299098 0.287131019882581
-1.17587939698492 -0.389107513978859 -2.46545648995863 0.279820163717721
-1.15577889447236 -0.436681414374174 -2.26413458308637 0.271513999158905
-1.1356783919598 -0.479966712644088 -2.03874057848124 0.262293866336684
-1.11557788944723 -0.51847954752764 -1.78927447614323 0.252250831236103
-1.09547738693467 -0.551736057763864 -1.51573627607234 0.241485685696694
-1.07537688442211 -0.579252382091801 -1.21812597826857 0.230108947412485
-1.05527638190954 -0.600544659250487 -0.896443582731917 0.218240859931993
-1.03517587939698 -0.615129027978961 -0.550689089462388 0.206011392658229
-1.01507537688442 -0.622521627016259 -0.180862498459977 0.193560240848693
-0.994974874371855 -0.62223859510142 0.213036190275309 0.181036825615379
-0.974874371859292 -0.614212040615214 0.556250699736463 0.168598718319375
-0.954773869346729 -0.600283260371154 0.824221739641989 0.15638371302879
-0.934673366834167 -0.581296239821789 1.05954561011428 0.144500619010017
-0.914572864321604 -0.55790720347834 1.26222231115335 0.133044514213804
-0.894472361809041 -0.530772375852027 1.43225184275917 0.122097286148462
-0.874371859296478 -0.500547981454073 1.56963420493177 0.111727631879865
-0.854271356783916 -0.467890244795697 1.67436939767114 0.10199105803145
-0.834170854271353 -0.433455390388119 1.74645742097727 0.0929298807842198
-0.81407035175879 -0.397899642742562 1.78589827485017 0.0845732258767383
-0.793969849246227 -0.361879226370245 1.79269195928984 0.0769370286051336
-0.773869346733664 -0.326050365782389 1.76683847429627 0.0700240338230972
-0.753768844221102 -0.291069285490215 1.70833781986947 0.0638237959418839
-0.733668341708539 -0.257592210004945 1.61718999600945 0.058312678930312
-0.713567839195976 -0.226275363837797 1.49339500271618 0.0534538563147631
-0.693467336683413 -0.197774971499994 1.33695283998969 0.0491973111791822
-0.67336683417085 -0.172747257502756 1.14786350782996 0.0454798361650778
-0.653266331658288 -0.151848446357304 0.926127006237004 0.0422250334715217
-0.633165829145725 -0.135734762574858 0.671743335210812 0.0393433148551493
-0.613065326633162 -0.124980296853952 0.428150551287731 0.0367320054109514
-0.592964824120599 -0.117073422154347 0.358941089027558 0.0343016349434811
-0.572864321608036 -0.110536128141102 0.291877272994864 0.0320163597586067
-0.552763819095474 -0.105325286246831 0.226959103189649 0.0298490840492394
-0.532663316582911 -0.101397767904148 0.164186579611912 0.0277735789141674
-0.512562814070348 -0.0987104445456658 0.103559702261654 0.0257644823580562
-0.492462311557785 -0.097220187603998 0.0450784711388754 0.0237972992914484
-0.472361809045223 -0.0968838685117581 -0.0112571137564247 0.0218484015307636
-0.45226130653266 -0.0976583587015596 -0.0654470524242459 0.0198950277982987
-0.432160804020097 -0.099500529606016 -0.117491344864588 0.0179152837222275
-0.412060301507534 -0.102367252657741 -0.167389991077452 0.0158881418366011
-0.391959798994971 -0.106215399289348 -0.215142991062837 0.0137934415813476
-0.371859296482409 -0.11100184093345 -0.260750344820743 0.0116118893022723
-0.351758793969846 -0.116683449022661 -0.30421205235117 0.00932505825105746
-0.331658291457283 -0.123217094989594 -0.345528113654118 0.00691538858526266
-0.31155778894472 -0.130559650266863 -0.384698528729588 0.00436618736832447
-0.291457286432157 -0.138667986287082 -0.421723297577578 0.00166162856955661
-0.271356783919595 -0.147498974482863 -0.45660242019809 -0.00121324693585008
-0.251256281407032 -0.157009486286821 -0.489335896591123 -0.00427253136682766
-0.231155778894469 -0.167156393131568 -0.519923726756677 -0.00752945003643108
-0.211055276381906 -0.177896566449719 -0.548365910694753 -0.0109963613518381
-0.190954773869343 -0.189186877673887 -0.57466244840535 -0.0146847568143496
-0.170854271356781 -0.200984198236685 -0.598813339888467 -0.0186052610193889
-0.150753768844218 -0.213245399570727 -0.620818585144106 -0.0227676316565027
-0.130653266331655 -0.225927353108626 -0.640678184172266 -0.0271807595093602
-0.110552763819092 -0.238986930282995 -0.658392136972948 -0.0318526684557538
-0.0904522613065293 -0.252381002526449 -0.67396044354615 -0.0367905154675984
-0.0703517587939665 -0.266066441271601 -0.687383103891873 -0.0420005906109323
-0.0502512562814036 -0.280000117951064 -0.698660118010118 -0.0474883170459161
-0.0301507537688408 -0.294138903997452 -0.707791485900884 -0.0532582510268339
-0.010050251256278 -0.308439670843378 -0.714777207564171 -0.059314081902092
0.0100502512562848 -0.322859289921456 -0.719617282999979 -0.0656586321142202
0.0301507537688476 -0.337354632664298 -0.722311712208309 -0.0722938571998709
0.0502512562814104 -0.35188257050452 -0.72286049518916 -0.0792208457898194
0.0703517587939732 -0.366399974874734 -0.721263631942531 -0.0864398196089638
0.0904522613065361 -0.380863717207553 -0.717521122468424 -0.0939501334763252
0.110552763819099 -0.395230668935592 -0.711632966766838 -0.101750275305048
0.130653266331662 -0.409457701491463 -0.703599164837773 -0.109837866102398
0.150753768844225 -0.42350168630778 -0.69341971668123 -0.118209659969766
0.170854271356787 -0.437319494817158 -0.681094622297207 -0.126861544102664
0.19095477386935 -0.450867998452208 -0.666623881685707 -0.135788538790728
0.211055276381913 -0.464104068645545 -0.650007494846726 -0.144984797417717
0.231155778894476 -0.476984576829781 -0.631245461780268 -0.15444360646151
0.251256281407039 -0.489466394437532 -0.61033778248633 -0.164157385494113
0.271356783919601 -0.50150639290141 -0.587284456964913 -0.174117687181653
0.291457286432164 -0.513061443654028 -0.562085485216018 -0.184315197284379
0.311557788944727 -0.524088418128 -0.534740867239644 -0.194739734656665
0.33165829145729 -0.53454418775594 -0.505250603035791 -0.205380251247005
0.351758793969853 -0.544385623970461 -0.47361469260446 -0.21622483209802
0.371859296482415 -0.553569598204176 -0.439833135945649 -0.227260695346449
0.391959798994978 -0.5620529818897 -0.403905933059359 -0.238474192223158
0.412060301507541 -0.569792646459645 -0.365833083945591 -0.249850807053133
0.432160804020104 -0.576745463346625 -0.325614588604344 -0.261375157255486
0.452261306532666 -0.582868303983253 -0.283250447035618 -0.273030993343447
0.472361809045229 -0.588118039802144 -0.238740659239414 -0.284801198924375
0.492462311557792 -0.59245154223591 -0.19208522521573 -0.296667790699747
0.512562814070355 -0.595825682717165 -0.143284144964567 -0.308611918465166
0.532663316582918 -0.598197332678523 -0.0923374184859265 -0.320613865110354
0.55276381909548 -0.599523363552596 -0.0392450457798059 -0.332653046619161
0.572864321608043 -0.599760646771999 0.0159929731537924 -0.344708012069556
0.592964824120606 -0.598866053769345 0.0733766383148704 -0.356756443633633
0.613065326633169 -0.596796455977247 0.132905949703428 -0.368775156577608
0.633165829145732 -0.593508724828319 0.194580907319462 -0.380740099261818
0.653266331658294 -0.588959731755175 0.258401511162976 -0.392626353140728
0.673366834170857 -0.583106348190428 0.32436776123397 -0.40440813276292
0.69346733668342 -0.575905445566691 0.392479657532443 -0.416058785771103
0.713567839195983 -0.565481943212607 0.757693059895425 -0.427543247112742
0.733668341708546 -0.544998535183932 1.2725219876063 -0.438721188805429
0.753768844221108 -0.514642227182257 1.74004660720903 -0.449386585880786
0.773869346733671 -0.475363859571564 2.16026691870363 -0.459350544272662
0.793969849246234 -0.428114272715834 2.53318292209009 -0.468443282284032
0.814070351758797 -0.373844306979052 2.85879461736841 -0.476514130586994
0.83417085427136 -0.313504802725199 3.1371020045386 -0.483431532222773
0.854271356783922 -0.248046600318258 3.36810508360065 -0.489083042601721
0.874371859296485 -0.178420540122212 3.55180385455456 -0.493375329503313
0.894472361809048 -0.105577462501044 3.68819831740034 -0.496234173076148
0.914572864321611 -0.0304682078187359 3.77728847213797 -0.497604465837953
0.934673366834173 0.0459563835607295 3.81907431876748 -0.49745021267558
0.954773869346736 0.122745471273369 3.81355585728884 -0.495754530845005
0.974874371859299 0.198948214955201 3.76073308770207 -0.492519649971329
0.994974874371862 0.273613774242242 3.66060601000715 -0.487766912048781
1.01507537688442 0.34579130877051 3.5131746242041 -0.481536771440712
1.03517587939699 0.414529978176021 3.31843893029292 -0.4738887948796
1.05527638190955 0.478878942094794 3.07639892827359 -0.464901661467047
1.07537688442211 0.537887360162845 2.78705461814613 -0.454673162673783
1.09547738693468 0.590604392016192 2.45040599991053 -0.443320202339661
1.11557788944724 0.636079197290853 2.06645307356679 -0.43097879667366
1.1356783919598 0.673360935622843 1.63519583911492 -0.417804074253882
1.15577889447237 0.701498766648182 1.1566342965549 -0.40397027602756
1.17587939698493 0.719541850002886 0.630768445886751 -0.389670755311045
1.19597989949749 0.726612192467546 0.0873424480613746 -0.375117857196352
1.21608040201005 0.723767830604273 -0.365076453869535 -0.360525940972389
1.23618090452262 0.712148013400934 -0.785815358275071 -0.346080460021909
1.25628140703518 0.692389524727388 -1.17487426515523 -0.331951405569136
1.27638190954774 0.66512914845349 -1.53225317451002 -0.318295969162519
1.29648241206031 0.631003668449098 -1.85795208633943 -0.305258542674728
1.31658291457287 0.590649868584068 -2.15197100064347 -0.29297071830266
1.33668341708543 0.544704532728257 -2.41430991742213 -0.281551288567434
1.35678391959799 0.493804444751522 -2.64496883667542 -0.271106246314394
1.37688442211056 0.438586388523719 -2.84394775840334 -0.261728784713108
1.39698492462312 0.379687147914706 -3.01124668260588 -0.253499297257368
1.41708542713568 0.317743506794339 -3.14686560928304 -0.246485377765189
1.43718592964825 0.253392249032475 -3.25080453843483 -0.240741820378812
1.45728643216081 0.187270158498971 -3.32306347006125 -0.236310619564699
1.47738693467337 0.120014019063683 -3.36364240416229 -0.233220970113538
1.49748743718593 0.0522606145964689 -3.37254134073796 -0.231489267140242
1.5175879396985 -0.0153532710328157 -3.34976027978825 -0.231119106083945
1.53768844221106 -0.0821908539543135 -3.29529922131317 -0.232101282708008
1.55778894472362 -0.147615350298167 -3.20915816531272 -0.234413793100014
1.57788944723619 -0.210989976194521 -3.09133711178689 -0.23802183367177
1.59798994974875 -0.271677947773518 -2.94183606073568 -0.242877801159309
1.61809045226131 -0.3290424811653 -2.7606550121591 -0.248921292622885
1.63819095477387 -0.382446792500013 -2.54779396605715 -0.256079105446979
1.65829145728644 -0.431254097907797 -2.30325292242982 -0.264265237340293
1.678391959799 -0.474827613518797 -2.02703188127712 -0.273380886335756
1.69849246231156 -0.512530555463157 -1.71913084259904 -0.283314450790519
1.71859296482413 -0.543726139871018 -1.37954980639559 -0.293941529385957
1.73869346733669 -0.567777582872524 -1.00828877266677 -0.30512492112767
1.75879396984925 -0.58404810059782 -0.605347741412569 -0.316714625345481
1.77889447236181 -0.591978170965247 -0.190172447029945 -0.328548063306727
1.79899497487438 -0.592084864808081 0.17009515404601 -0.340460324235471
1.81909547738694 -0.585520526807492 0.473595221390734 -0.352305772901401
1.8391959798995 -0.573426212917876 0.720327755004225 -0.363961786111223
1.85929648241207 -0.556942979093629 0.910292754886483 -0.375328676469726
1.87939698492463 -0.537211881289148 1.04349022103751 -0.386329692379776
1.89949748743719 -0.515373975458829 1.1199201534573 -0.396911018042317
1.91959798994976 -0.49257031755707 1.13958255214586 -0.40704177345637
1.93969849246232 -0.469941963538266 1.10247741710319 -0.416714014419036
1.95979899497488 -0.448629969356815 1.00860474832929 -0.425942732525495
1.97989949748744 -0.429775390967114 0.857964545824155 -0.434765855169004
2 -0.414519284323562 0.650556809587868 -0.443244245540895
