-1 -0.84270068974759
-0.96875 -0.829319030548979
-0.9375 -0.815102269382926
-0.90625 -0.800027756976023
-0.875 -0.784074925009414
-0.84375 -0.767225533305043
-0.8125 -0.749463912729804
-0.78125 -0.730777201141808
-0.75 -0.711155569636656
-0.71875 -0.690592436319856
-0.6875 -0.669084664836671
-0.65625 -0.646632744934609
-0.625 -0.623240952417462
-0.59375 -0.598917485973922
-0.5625 -0.57367457852806
-0.53125 -0.547528580962327
-0.5 -0.520500016304747
-0.46875 -0.492613602747862
-0.4375 -0.463898244174907
-0.40625 -0.434386987204493
-0.375 -0.40411694412452
-0.34375 -0.37312918146381
-0.3125 -0.341468574340735
-0.28125 -0.309183627125788
-0.25 -0.276326261353527
-0.21875 -0.242951572212135
-0.1875 -0.209117555319681
-0.15625 -0.174884805858601
-0.125 -0.140316192477912
-0.09375 -0.105476508680438
-0.0625 -0.0704321046845497
-0.03125 -0.0352505029818697
0 9.99999971718069E-10
0.03125 0.0352505029818697
0.0625 0.0704321046845497
0.09375 0.105476508680438
0.125 0.140316192477912
0.15625 0.174884805858601
0.1875 0.209117555319681
0.21875 0.242951572212135
0.25 0.276326261353527
0.28125 0.309183627125788
0.3125 0.341468574340735
0.34375 0.37312918146381
0.375 0.40411694412452
0.40625 0.434386987204493
0.4375 0.463898244174907
0.46875 0.492613602747862
0.5 0.520500016304747
0.53125 0.547528580962327
0.5625 0.57367457852806
0.59375 0.598917485973922
0.625 0.623240952417462
0.65625 0.646632744934609
0.6875 0.669084664836671
0.71875 0.690592436319856
0.75 0.711155569636656
0.78125 0.730777201141808
0.8125 0.749463912729804
0.84375 0.767225533305043
0.875 0.784074925009414
0.90625 0.800027756976023
0.9375 0.815102269382926
0.96875 0.829319030548979
1 0.84270068974759
