-1.00 0.0464884
-0.99 0.0500285
-0.98 0.0535775
-0.97 0.0571245
-0.96 0.0606583
-0.95 0.0641672
-0.94 0.0676395
-0.93 0.0710627
-0.92 0.0744245
-0.91 0.0777121
-0.90 0.0809126
-0.89 0.0840129
-0.88 0.0869998
-0.87 0.0898601
-0.86 0.0925805
-0.85 0.0951478
-0.84 0.0975489
-0.83 0.0997707
-0.82 0.1018
-0.81 0.103626
-0.80 0.105234
-0.79 0.106613
-0.78 0.107752
-0.77 0.10864
-0.76 0.109265
-0.75 0.109618
-0.74 0.109691
-0.73 0.109472
-0.72 0.108956
-0.71 0.108134
-0.70 0.107001
-0.69 0.10555
-0.68 0.103777
-0.67 0.101678
-0.66 0.0992502
-0.65 0.0964921
-0.64 0.0934028
-0.63 0.0899825
-0.62 0.0862328
-0.61 0.0821561
-0.60 0.077756
-0.59 0.0730372
-0.58 0.0680057
-0.57 0.0626685
-0.56 0.0570338
-0.55 0.0511109
-0.54 0.0449101
-0.53 0.0384431
-0.52 0.0317225
-0.51 0.024762
-0.50 0.0175763
-0.49 0.0101812
-0.48 0.00259327
-0.47 -0.00516974
-0.46 -0.0130894
-0.45 -0.0211463
-0.44 -0.0293204
-0.43 -0.0375909
-0.42 -0.0459363
-0.41 -0.0543346
-0.40 -0.0627632
-0.39 -0.0711992
-0.38 -0.0796191
-0.37 -0.0879993
-0.36 -0.096316
-0.35 -0.104545
-0.34 -0.112663
-0.33 -0.120645
-0.32 -0.128467
-0.31 -0.136107
-0.30 -0.143539
-0.29 -0.150743
-0.28 -0.157694
-0.27 -0.164371
-0.26 -0.170753
-0.25 -0.176819
-0.24 -0.182549
-0.23 -0.187924
-0.22 -0.192926
-0.21 -0.197539
-0.20 -0.201745
-0.19 -0.20553
-0.18 -0.208882
-0.17 -0.211786
-0.16 -0.214233
-0.15 -0.216212
-0.14 -0.217716
-0.13 -0.218737
-0.12 -0.21927
-0.11 -0.219312
-0.10 -0.218859
-0.09 -0.217911
-0.08 -0.216469
-0.07 -0.214534
-0.05 -0.212112
-0.04 -0.209206
-0.04 -0.205823
-0.03 -0.201973
-0.02 -0.197664
-0.01 -0.192909
0.00 -0.187718
0.01 -0.182108
0.02 -0.176091
0.03 -0.169686
0.04 -0.16291
0.05 -0.155781
0.06 -0.148319
0.07 -0.140546
0.08 -0.132483
0.09 -0.124152
0.10 -0.115578
0.11 -0.106783
0.12 -0.0977936
0.13 -0.0886339
0.14 -0.0793296
0.15 -0.0699066
0.16 -0.0603912
0.17 -0.0508095
0.18 -0.0411879
0.19 -0.0315526
0.20 -0.0219298
0.21 -0.0123454
0.22 -0.00282502
0.23 0.00660612
0.24 0.0159233
0.25 0.0251024
0.26 0.0341198
0.27 0.0429527
0.28 0.0515791
0.29 0.059978
0.30 0.0681289
0.31 0.0760127
0.32 0.0836112
0.33 0.0909073
0.34 0.097885
0.35 0.104529
0.36 0.110827
0.37 0.116766
0.38 0.122335
0.39 0.127524
0.40 0.132324
0.41 0.13673
0.42 0.140734
0.43 0.144333
0.44 0.147524
0.45 0.150305
0.46 0.152674
0.47 0.154635
0.48 0.156187
0.49 0.157336
0.50 0.158085
0.51 0.15844
0.52 0.158408
0.53 0.157997
0.54 0.157216
0.55 0.156075
0.56 0.154586
0.57 0.152759
0.58 0.150607
0.59 0.148144
0.60 0.145385
0.61 0.142343
0.62 0.139034
0.63 0.135473
0.64 0.131678
0.65 0.127665
0.66 0.12345
0.67 0.119051
0.68 0.114484
0.69 0.109769
0.70 0.104921
0.71 0.0999584
0.72 0.0948987
0.73 0.089759
0.74 0.0845563
0.75 0.0793074
0.76 0.0740287
0.77 0.0687364
0.78 0.0634461
0.79 0.0581731
0.80 0.0529321
0.81 0.0477374
0.82 0.0426026
0.83 0.0375408
0.84 0.0325644
0.85 0.0276852
0.86 0.0229143
0.87 0.018262
0.88 0.013738
0.89 0.00935137
0.90 0.00511017
0.91 0.00102192
0.92 -0.00290666
0.93 -0.00666962
0.94 -0.0102617
0.95 -0.0136785
0.96 -0.0169162
0.97 -0.0199719
0.98 -0.0228431
0.99 -0.0255283
1.00 -0.0280265
