-1 0.105059161644828
-0.99 0.108603142633526
-0.98 0.112162880648039
-0.97 0.11572717526243
-0.96 0.119284171449317
-0.95 0.122821422145578
-0.94 0.126325958224602
-0.93 0.12978436482111
-0.92 0.133182862805628
-0.91 0.136507394085793
-0.9 0.139743709325596
-0.89 0.142877456625499
-0.88 0.145894269698834
-0.87 0.148779854114761
-0.86 0.151520070255365
-0.85 0.154101011753015
-0.84 0.156509078331136
-0.83 0.15873104216273
-0.82 0.160754107080784
-0.81 0.162565960216247
-0.8 0.164154815894684
-0.79 0.16550945188344
-0.78 0.166619238338003
-0.77 0.167474160040123
-0.76 0.168064832742024
-0.75 0.168382514622256
-0.74 0.168419114011898
-0.73 0.168167194658462
-0.72 0.167619979854187
-0.71 0.166771356762226
-0.7 0.165615882227351
-0.69 0.164148791257857
-0.68 0.162366009215179
-0.67 0.160264168551954
-0.66 0.157840630704421
-0.65 0.155093513479283
-0.64 0.15202172398779
-0.63 0.148624996881479
-0.62 0.144903937345475
-0.61 0.14086006801805
-0.6 0.136495878739972
-0.59 0.131814877804608
-0.58 0.126821643188881
-0.57 0.121521872103975
-0.56 0.115922427119148
-0.55 0.110031377086299
-0.54 0.10385803112895
-0.53 0.0974129640566722
-0.52 0.0907080317221999
-0.51 0.0837563750486176
-0.5 0.0765724117113862
-0.49 0.0691718147559673
-0.48 0.06157147775639
-0.47 0.0537894664621994
-0.46 0.0458449572290334
-0.45 0.0377581628696085
-0.44 0.0295503139907523
-0.43 0.0212432273332516
-0.42 0.0128598718364767
-0.41 0.00442358545797333
-0.4 -0.00404170669921284
-0.39 -0.0125116801990404
-0.38 -0.0209617332991981
-0.37 -0.0293671083388348
-0.36 -0.0377030106242767
-0.35 -0.045944723101357
-0.34 -0.0540677153061574
-0.33 -0.0620477453327546
-0.32 -0.0698609538377456
-0.31 -0.0774839494064608
-0.3 -0.084893884923712
-0.29 -0.092068524911095
-0.28 -0.098986304101813
-0.27 -0.105626377811679
-0.26 -0.111968664921246
-0.25 -0.117993884499971
-0.24 -0.123683587271539
-0.23 -0.129020183234331
-0.22 -0.133986966808902
-0.21 -0.138568140883647
-0.2 -0.142748841071163
-0.19 -0.146515161373839
-0.18 -0.149854182292594
-0.17 -0.152754002203809
-0.16 -0.15520377258451
-0.15 -0.1571937373939
-0.14 -0.158715276630751
-0.13 -0.159760953791608
-0.12 -0.160324566665252
-0.11 -0.160401200625063
-0.1 -0.159987283333017
-0.09 -0.159080639556103
-0.08 -0.157680544625966
-0.07 -0.155787774951778
-0.0599999999999999 -0.153404653929434
-0.0499999999999999 -0.150535091579703
-0.04 -0.14718461629472
-0.03 -0.1433603971748
-0.02 -0.139071255592807
-0.01 -0.134327664826086
0 -0.129141736839696
0.01 -0.123527195581279
0.02 -0.117499336448365
0.03 -0.111074971903342
0.04 -0.104272363529683
0.05 -0.0971111411349375
0.0600000000000001 -0.0896122098017787
0.0700000000000001 -0.0817976460587294
0.0800000000000001 -0.0736905845789591
0.0900000000000001 -0.0653150970117177
0.1 -0.0566960647011176
0.11 -0.0478590471471724
0.12 -0.0388301481121299
0.13 -0.0296358812707663
0.14 -0.0203030372477933
0.15 -0.0108585537818025
0.16 -0.00132939060769881
0.17 0.00825758953590609
0.18 0.0178757325845406
0.19 0.0274986965614231
0.2 0.0371005460328792
0.21 0.0466558371745884
0.22 0.0561396932792075
0.23 0.0655278707883063
0.24 0.0747968161673809
0.25 0.0839237141553665
0.26 0.0928865281039965
0.27 0.101664033273055
0.28 0.110235844061848
0.29 0.118582436233093
0.3 0.126685165222257
0.31 0.134526281623742
0.32 0.142088944906968
0.33 0.14935723634316
0.34 0.156316172021266
0.35 0.162951716703355
0.36 0.169250799121184
0.37 0.175201329151848
0.38 0.180792217137103
0.39 0.186013395433937
0.4 0.190855842108598
0.41 0.195311606517915
0.42 0.199373836365154
0.43 0.203036805676938
0.44 0.206295943026635
0.45 0.20914785923084
0.46 0.21159037367129
0.47 0.213622538346042
0.48 0.215244658731678
0.49 0.216458310542365
0.5 0.217266351501114
0.51 0.217672927292007
0.52 0.217683470937442
0.53 0.217304694939289
0.54 0.216544575634231
0.55 0.215412329338526
0.56 0.213918379992641
0.57 0.212074318158252
0.58 0.209892851365726
0.59 0.207387745955967
0.6 0.204573760703355
0.61 0.201466572643492
0.62 0.198082695657865
0.63 0.194439392485056
0.64 0.190554580932666
0.65 0.186446735154099
0.66 0.182134782928418
0.67 0.177637999938771
0.68 0.172975902084862
0.69 0.168168136887445
0.7 0.163234375048037
0.71 0.158194203215452
0.72 0.153067018983232
0.73 0.147871929099527
0.74 0.142627651814887
0.75 0.137352424225086
0.76 0.13206391538723
0.77 0.126779145899705
0.78 0.121514414541736
0.79 0.116285232468352
0.8 0.111106265353178
0.81 0.10599128376646
0.82 0.100953121970864
0.83 0.0960036452144053
0.84 0.0911537255000058
0.85 0.086413225715833
0.86 0.0817909919211732
0.87 0.0772948535000093
0.88 0.0729316308197027
0.89 0.0687071499658731
0.9 0.0646262640672579
0.91 0.0606928806763707
0.92 0.0569099946333166
0.93 0.0532797258111855
0.94 0.0498033611218768
0.95 0.0464814001507177
0.96 0.0433136037864179
0.97 0.0402990452192194
0.98 0.0374361626939344
0.99 0.0347228134252182
1 0.0321563281091446
