-1 0.353254380026636
-0.99 0.355366882983563
-0.98 0.356393955525851
-0.97 0.356267279075888
-0.96 0.35492439037713
-0.95 0.352309469269231
-0.94 0.348374029340549
-0.93 0.343077495297371
-0.92 0.336387653519551
-0.91 0.328280965429282
-0.9 0.318742736903004
-0.89 0.307767140904555
-0.88 0.295357094691213
-0.87 0.281523997208953
-0.86 0.26628733650472
-0.85 0.249674180992085
-0.84 0.231718572063224
-0.83 0.212460838701662
-0.82 0.191946857285891
-0.81 0.170227281570964
-0.8 0.147356768803581
-0.79 0.123393228004038
-0.78 0.0983971156048728
-0.77 0.0724308018741073
-0.76 0.0455580289086985
-0.75 0.0178434775338483
-0.74 -0.0106475437078171
-0.73 -0.0398492790105975
-0.72 -0.0696955718585088
-0.71 -0.100119779675371
-0.7 -0.13105456394234
-0.69 -0.162431568350453
-0.68 -0.194181002379978
-0.67 -0.226231151959525
-0.66 -0.258507842383871
-0.65 -0.290933881312533
-0.64 -0.323428511314753
-0.63 -0.355906901990361
-0.62 -0.388279711139537
-0.61 -0.420452742779996
-0.6 -0.452326727062127
-0.59 -0.483797243398104
-0.58 -0.514754803525073
-0.57 -0.545085105925314
-0.56 -0.574669467215995
-0.55 -0.603385430007569
-0.54 -0.631107540536134
-0.53 -0.657708283329147
-0.52 -0.683059154489681
-0.51 -0.707031850093141
-0.5 -0.729499541872459
-0.49 -0.7503382089852
-0.48 -0.769427992336466
-0.47 -0.786654536762884
-0.46 -0.801910286410823
-0.45 -0.815095699867089
-0.44 -0.825829661281761
-0.43 -0.834903909752024
-0.42 -0.84137691006913
-0.41 -0.845481412255497
-0.4 -0.847171408068199
-0.39 -0.846413060100013
-0.38 -0.843184733698289
-0.37 -0.8374768378531
-0.36 -0.829291486446211
-0.35 -0.818641997723955
-0.34 -0.805552254635278
-0.33 -0.790055952598683
-0.32 -0.772195764195136
-0.31 -0.752022452131291
-0.3 -0.729593962521784
-0.29 -0.704974530085524
-0.28 -0.678233825265428
-0.27 -0.649446170630973
-0.26 -0.618689850312947
-0.25 -0.586046531788419
-0.24 -0.551600814247881
-0.23 -0.515439912224936
-0.22 -0.477653477355951
-0.21 -0.43833355527508
-0.2 -0.397574668951272
-0.19 -0.35547401444351
-0.18 -0.312131750279111
-0.17 -0.267651357616635
-0.16 -0.22214004518228
-0.15 -0.175709170776549
-0.14 -0.128474650011311
-0.13 -0.0805573228925019
-0.12 -0.0320832499082283
-0.11 0.0168160886255459
-0.1 0.0660037131473034
-0.09 0.115337204626204
-0.08 0.164668918162944
-0.07 0.213846359861489
-0.0599999999999999 0.262712730868876
-0.0499999999999999 0.311107636762703
-0.04 0.358867954780386
-0.03 0.405828845928571
-0.02 0.451824893972939
-0.01 0.496691348859714
0 0.540265448409186
0.01 0.582387789270109
0.02 0.62290371622186
0.03 0.661664698014287
0.04 0.698529658063137
0.05 0.7333662294556
0.0600000000000001 0.76605190581488
0.0700000000000001 0.796475062541427
0.0800000000000001 0.824535826679387
0.0900000000000001 0.850146778013545
0.1 0.873233468829376
0.11 0.893734754898585
0.12 0.911602935510093
0.13 0.926803705576781
0.14 0.939315927842557
0.15 0.949131237835294
0.16 0.956253498318841
0.17 0.960698123472883
0.18 0.962491295779378
0.19 0.961669100552165
0.2 0.958276604174746
0.21 0.952366902401646
0.22 0.944000164550985
0.23 0.933242698116171
0.24 0.920166056323056
0.25 0.904846208545817
0.26 0.88736279037715
0.27 0.867798446644954
0.28 0.846238276904749
0.29 0.82276938904382
0.3 0.797480562736924
0.31 0.77046202071594
0.32 0.741805302269212
0.33 0.711603230169814
0.34 0.679949959429595
0.35 0.646941093954505
0.36 0.612673855384873
0.37 0.577247287171681
0.38 0.540762476277562
0.39 0.503322774792387
0.4 0.465034004194655
0.41 0.426004625933443
0.42 0.386345863400619
0.43 0.346171762148606
0.44 0.305599177316396
0.45 0.264747679582003
0.46 0.223739373486548
0.47 0.182698624596903
0.48 0.141751694615589
0.49 0.101026286137413
0.5 0.0606510012269811
0.51 0.020754720291569
0.52 -0.018534090200497
0.53 -0.0570881307958486
0.54 -0.0947820710545014
0.55 -0.131493387407451
0.56 -0.167103222953047
0.57 -0.201497254753249
0.58 -0.234566554007189
0.59 -0.266208424619292
0.6 -0.296327206124229
0.61 -0.324835027657392
0.62 -0.3516525006384
0.63 -0.376709339033934
0.64 -0.399944897449433
0.65 -0.421308618829754
0.66 -0.440760385188794
0.67 -0.458270766499207
0.68 -0.473821164618631
0.69 -0.487403850872656
0.7 -0.499021897623514
0.71 -0.508689005796619
0.72 -0.516429231886715
0.73 -0.522276619397551
0.74 -0.526274740962983
0.75 -0.528476158536667
0.76 -0.528941810009194
0.77 -0.527740331406793
0.78 -0.524947324439441
0.79 -0.520644579596949
0.8 -0.514919265241341
0.81 -0.507863093217705
0.82 -0.499571471411731
0.83 -0.490142653431003
0.84 -0.479676895191391
0.85 -0.468275627664363
0.86 -0.456040654401498
0.87 -0.443073381716205
0.88 -0.429474088587112
0.89 -0.415341242471011
0.9 -0.400770866293432
0.91 -0.385855960939492
0.92 -0.370685986613614
0.93 -0.355346405489795
0.94 -0.339918287149367
0.95 -0.324477977413844
0.96 -0.309096830338497
0.97 -0.293841002348069
0.98 -0.278771306777951
0.99 -0.263943126439194
1 -0.249406381258895
