-1 0.263115264394545
-0.99 0.158161992020124
-0.98 0.0461124242923047
-0.97 -0.0724900858789086
-0.96 -0.197019144837098
-0.95 -0.326774149128023
-0.94 -0.460990844917342
-0.93 -0.598853381294269
-0.92 -0.739507566933997
-0.91 -0.882074990582932
-0.9 -1.02566762594612
-0.89 -1.16940251276647
-0.88 -1.31241608984784
-0.87 -1.45387775374638
-0.86 -1.59300222961793
-0.85 -1.72906036850984
-0.84 -1.86138802789389
-0.83 -1.98939274853089
-0.82 -2.11255800932907
-0.81 -2.230444920647
-0.8 -2.34269130294248
-0.79 -2.44900818881457
-0.78 -2.54917387905159
-0.77 -2.64302577382272
-0.76 -2.73045028512227
-0.75 -2.81137121257471
-0.74 -2.88573702855017
-0.73 -2.95350756741773
-0.72 -3.01464064537281
-0.71 -3.06907914992808
-0.7 -3.11673913086882
-0.69 -3.15749939702329
-0.68 -3.19119307615975
-0.67 -3.21760153005713
-0.66 -3.23645093542367
-0.65 -3.24741174665665
-0.64 -3.25010115182995
-0.63 -3.24408852260311
-0.62 -3.22890374611183
-0.61 -3.20404821661355
-0.6 -3.16900816098383
-0.59 -3.12326987914564
-0.58 -3.0663364018539
-0.57 -2.99774500711653
-0.56 -2.91708499542496
-0.55 -2.82401510464088
-0.54 -2.71827994876169
-0.53 -2.59972489090215
-0.52 -2.46830880884676
-0.51 -2.32411427975391
-0.5 -2.16735479655571
-0.49 -1.99837872913567
-0.48 -1.81766985475593
-0.47 -1.62584440031072
-0.46 -1.42364465941056
-0.45 -1.21192936558318
-0.44 0.191934970299431
-0.43 -0.763884427094296
-0.42 -0.529742554217301
-0.41 -0.290390710134806
-0.4 -0.0470444422900413
-0.39 0.199074345313754
-0.38 0.446750216330847
-0.37 0.694792881707389
-0.36 0.942054356430743
-0.35 1.18744407808308
-0.34 1.42994154965679
-0.33 1.66860616190783
-0.32 1.9025839549267
-0.31 2.13111119073791
-0.3 2.35351472449538
-0.29 2.56920927702487
-0.28 2.77769182193531
-0.27 2.97853340234377
-0.26 3.17136878184495
-0.25 3.3558844085839
-0.24 3.53180522761593
-0.23 3.69888091327667
-0.22 3.85687210887408
-0.21 4.00553725524707
-0.2 4.14462056296791
-0.19 4.27384163629961
-0.18 4.3928871922554
-0.17 4.50140523767693
-0.16 4.5990019741207
-0.15 4.68524159792168
-0.14 4.75964905479546
-0.13 4.82171569862862
-0.12 4.8709076966052
-0.11 4.90667692133605
-0.1 4.92847397876367
-0.09 4.93576294150985
-0.08 4.92803729373648
-0.07 4.9048365476476
-0.0599999999999999 4.86576296497158
-0.0499999999999999 4.81049780992581
-0.04 4.7388165733643
-0.03 4.65060264040206
-0.02 4.54585892447396
-0.01 4.42471705756147
0 4.28744380669377
0.01 4.13444447783036
0.02 3.96626316654729
0.03 3.78357981704906
0.04 3.5872041533022
0.05 3.37806664497115
0.0600000000000001 3.15720676295448
0.0700000000000001 2.9257588615915
0.0800000000000001 2.68493609437093
0.0900000000000001 2.43601282505898
0.1 2.18030603498082
0.11 1.91915624875723
0.12 1.65390850477864
0.13 1.38589388338337
0.14 1.11641207599501
0.15 0.846715433819583
0.16 0.577994877044266
0.17 0.311367977153532
0.18 0.0478694486208933
0.19 -0.211555795327208
0.2 -0.466056952034164
0.21 -0.714879016248766
0.22 -0.957361936827254
0.23 -1.19293740971689
0.24 -1.42112353961159
0.25 -1.6415176587117
0.26 -1.85378763570211
0.27 -2.0576620404092
0.28 -2.2529195490977
0.29 -2.43937798196769
0.3 -2.61688335849101
0.31 -2.78529933856235
0.32 -2.94449738915863
0.33 -3.09434797871338
0.34 -3.23471305635661
0.35 -3.36544002233195
0.36 -3.48635734115139
0.37 -3.59727189226741
0.38 -3.69796809606564
0.39 -3.7882087975347
0.4 -3.86773783762337
0.41 -3.93628419442207
0.42 -3.99356753405292
0.43 -4.03930497542304
0.44 -4.07321884443421
0.45 -4.09504517224019
0.46 -4.10454267884352
0.47 -4.1015019776371
0.48 -4.08575473812416
0.49 -4.05718255250944
0.5 -4.01572526650767
0.51 -3.96138855480315
0.52 -3.89425054626624
0.53 -3.81446733238047
0.54 -3.72227722342152
0.55 -3.61800364981931
0.56 -3.50205663991625
0.57 -3.3749328391426
0.58 -3.23721406866482
0.59 -3.08956445310439
0.6 -2.93272617634219
0.61 -2.76751395118527
0.62 -2.59480831234672
0.63 -2.41554786244686
0.64 -2.23072061735717
0.65 -2.04135461004544
0.66 -1.84850792110274
0.67 -1.65325830938315
0.68 -1.45669261778702
0.69 -1.25989612735411
0.7 -1.0639420277492
0.71 -0.869881164211837
0.72 -0.678732210433543
0.73 -0.491472403979024
0.74 -0.309028966159885
0.75 -0.132271312088464
0.76 0.0379958606240387
0.77 0.201038534021872
0.78 0.356198330593678
0.79 0.502896438733355
0.8 0.640636486803803
0.81 0.769006366963343
0.82 0.887679026207358
0.83 0.996412257197269
0.84 1.09504753519543
0.85 1.18350795963565
0.86 1.26179536941114
0.87 1.32998670976995
0.88 1.3882297357236
0.89 1.43673814208737
0.9 1.47578621370037
0.91 1.50570309107595
0.92 1.52686674678657
0.93 1.53969776640133
0.94 1.54465302489345
0.95 1.54221934526593
0.96 1.53290722086316
0.97 1.51724467661282
0.98 1.49577133744815
0.99 1.46903276457148
1 1.43757511220864
