-1 0.192497730304416
-0.99 0.0885032265666926
-0.98 -0.0197208957084145
-0.97 -0.131917931829135
-0.96 -0.247806201439345
-0.95 -0.367079465984436
-0.94 -0.489407475108865
-0.93 -0.614436643240352
-0.92 -0.74179085696099
-0.91 -0.87107241308804
-0.9 -1.0018630866904
-0.89 -1.13372532755412
-0.88 -1.26620358288553
-0.87 -1.39882574330783
-0.86 -1.53110470846999
-0.85 -1.6625400678505
-0.84 -1.79261989160603
-0.83 -1.9208226255925
-0.82 -2.04661908397622
-0.81 -2.16947453216158
-0.8 -2.28885085209264
-0.79 -2.40420878134454
-0.78 -2.51501021681028
-0.77 -2.62072057321408
-0.76 -2.72081118614888
-0.75 -2.81476174884545
-0.74 -2.90206277143921
-0.73 -2.98221805111157
-0.72 -3.05474714114846
-0.71 -3.11918780668346
-0.7 -3.17509845467948
-0.69 -3.22206052555373
-0.68 -3.25968083376792
-0.67 -3.28759384469176
-0.66 -3.30546387510386
-0.65 -3.31298720482129
-0.64 -3.30989408714874
-0.63 -3.29595064610955
-0.62 -3.27096064876523
-0.61 -3.23476714134531
-0.6 -3.18725393839579
-0.59 -3.12834695471002
-0.58 -3.0580153704282
-0.57 -2.97627262037957
-0.56 -2.88317719949091
-0.55 -2.77883327689353
-0.54 -2.66339111222454
-0.53 -2.53704726853316
-0.52 -2.4000446171643
-0.51 -2.252672130995
-0.5 -2.09526446343948
-0.49 -1.92820131171013
-0.48 -1.75190656391859
-0.47 -1.56684723071787
-0.46 -1.37353216331643
-0.45 -1.17251056083228
-0.44 -0.964370271092839
-0.43 -0.749735890118048
-0.42 -0.529266666643059
-0.41 -0.303654219136711
-0.4 -0.0736200738455905
-0.39 0.160086966565327
-0.38 0.396693613202233
-0.37 0.635405028432057
-0.36 0.875407898236409
-0.35 1.11587362614582
-0.34 1.35596163468477
-0.33 1.59482275954057
-0.32 1.83160272102466
-0.31 2.06544565682788
-0.3 2.29549769958614
-0.29 2.52091058237247
-0.28 2.74084525491987
-0.27 2.95447549315856
-0.26 3.1609914845238
-0.25 3.35960337145747
-0.24 3.54954473558954
-0.23 3.73007600524485
-0.22 3.9004877691756
-0.21 4.06010397977046
-0.2 4.20828502943603
-0.19 4.34443068438266
-0.18 4.46798286067341
-0.17 4.57842822810786
-0.16 4.67530062830854
-0.15 4.75818329425341
-0.14 4.82671085944693
-0.13 4.88057114594211
-0.12 4.91950672150804
-0.11 4.94331621737922
-0.1 4.95185539921506
-0.09 4.94503798513566
-0.08 4.92283620597603
-0.07 4.88528110420718
-0.0599999999999999 4.8324625693029
-0.0499999999999999 4.76452910867691
-0.04 4.68168735466967
-0.03 4.58420130941854
-0.02 4.47239133079287
-0.01 4.34663286390764
0 4.20735492403948
0.01 4.05503833804792
0.02 3.89021375264693
0.03 3.71345941906885
0.04 3.52539876480809
0.05 3.32669776421953
0.0600000000000001 3.11806212076912
0.0700000000000001 2.90023427468689
0.0800000000000001 2.67399025064955
0.0900000000000001 2.44013636091605
0.1 2.19950578005083
0.11 1.95295500799214
0.12 1.70136023875229
0.13 1.44561365247223
0.14 1.18661964888987
0.15 0.925291040520322
0.16 0.66254522398471
0.17 0.399300347961885
0.18 0.136471496175421
0.19 -0.125033096334053
0.2 -0.384315775660928
0.21 -0.640493132577247
0.22 -0.892699579982014
0.23 -1.14009082761387
0.24 -1.38184723801142
0.25 -1.61717704841597
0.26 -1.84531944410022
0.27 -2.06554746946853
0.28 -2.27717076420417
0.29 -2.47953811273123
0.3 -2.67203979630628
0.31 -2.8541097381525
0.32 -3.02522743318916
0.33 -3.18491965508519
0.34 -3.33276193457069
0.35 -3.46837980416685
0.36 -3.59144980573615
0.37 -3.70170025850291
0.38 -3.79891178644329
0.39 -3.88291760518495
0.4 -3.95360356978438
0.41 -4.01090798595632
0.42 -4.05482118850856
0.43 -4.08538489188028
0.44 -4.10269131878679
0.45 -4.10688211403231
0.46 -4.09814705155916
0.47 -4.07672254375273
0.48 -4.04288996291035
0.49 -3.99697378560595
0.5 -3.93933957143628
0.51 -3.87039178831605
0.52 -3.79057149709445
0.53 -3.70035390879358
0.54 -3.60024582821629
0.55 -3.49078299803783
0.56 -3.37252735777908
0.57 -3.24606423226133
0.58 -3.11199946426116
0.59 -2.97095650612181
0.6 -2.82357348503397
0.61 -2.67050025657683
0.62 -2.51239546091085
0.63 -2.34992359574014
0.64 -2.1837521198168
0.65 -2.01454860034579
0.66 -1.84297791717051
0.67 -1.66969953607944
0.68 -1.49536486297857
0.69 -1.32061469002583
0.7 -1.14607674412818
0.71 -0.972363347463986
0.72 -0.800069198917615
0.73 -0.629769284505356
0.74 -0.462016924037117
0.75 -0.297341960401845
0.76 -0.136249096992042
0.77 0.0207836121007969
0.78 0.173306115377156
0.79 0.320897557853745
0.8 0.463167313652696
0.81 0.599755856162505
0.82 0.730335465538187
0.83 0.854610774149699
0.84 0.97231915140573
0.85 1.08323093017059
0.86 1.18714947775088
0.87 1.28391111515273
0.88 1.37338488899598
0.89 1.45547220111608
0.9 1.53010630148474
0.91 1.59725165063462
0.92 1.65690315827889
0.93 1.7090853052724
0.94 1.75385115646594
0.95 1.7912812723572
0.96 1.82148252774186
0.97 1.84458684581468
0.98 1.86074985636387
0.99 1.87014948684285
1 1.87298449519234
