#r (a.u)	f1(r)	f2(r)	f3(r)	f4(r)
0.1	0.180967483607192	0.06389897377022	0.0347738638127427	0.0225843931569279
0.2	0.327492301231193	0.11516700134962	0.062626691961835	0.0406630761694378
0.3	0.444490932409031	0.155196173921635	0.084281844469313	0.0546980889148545
0.4	0.536256036828512	0.185257621589571	0.100407553707663	0.0651181328513212
0.5	0.606530659712633	0.206510743088694	0.111620424160486	0.0723205062583567
0.6	0.658573963312832	0.22001178673765	0.118488734784638	0.0766729424249147
0.7	0.695219425307973	0.226721825721981	0.121535554225146	0.0785153551695204
0.8	0.718926342587555	0.227514168056198	0.121241678633223	0.0781614958938447
0.9	0.731825387533078	0.223181238994164	0.118048401360203	0.0759005261950686
1	0.735758882342885	0.214440971240177	0.112360123344896	0.07199850989332
1.1	0.732316384135775	0.201942736045546	0.104546812577977	0.0666998281680723
1.2	0.722866108589285	0.186272846148562	0.0949463206133675	0.0602285213414237
1.3	0.708582661888433	0.167959659521068	0.0838665637024367	0.0527895606963914
1.4	0.690471499036498	0.147478311014365	0.0715875757512026	0.0445700535745217
1.5	0.669390480445289	0.125255097243332	0.0583634399428084	0.0357403848590032
1.6	0.646068857582897	0.101671538403461	0.0444241055265423	0.0264552978168732
1.7	0.621123981779298	0.0770681391741395	0.0299770959498093	0.0168549171466048
1.8	0.595075997597712	0.0517478694169113	0.0152091141999977	0.0070657169551588
1.9	0.568360753046013	0.0259793840235318	0.00028755092843392	-0.00279856372870933
2	0.541341132946451	0	-0.0146380993521002	-0.0126360554106799
2.1	0.514316998662524	-0.0259815523159138	-0.0294349089721438	-0.0223559401704673
2.2	0.487533896794269	-0.051782588119642	-0.0439852699430227	-0.0318776790022935
2.3	0.461190681124897	-0.0772441223463207	-0.0581857243997572	-0.0411302822732216
2.4	0.43544617578918	-0.102228705454683	-0.0719458683528759	-0.0500516212117752
2.5	0.410424993119494	-0.126618427938947	-0.085187324672216	-0.0585877784308302
2.6	0.386222606714536	-0.150313081575758	-0.0978427814348153	-0.0666924355765881
2.7	0.362909768794649	-0.173228466215018	-0.109855091967927	-0.0743262962796818
2.8	0.340536350701221	-0.195294831673899	-0.121176433107473	-0.0814565426652509
2.9	0.319134676327162	-0.216455444995688	-0.131767518372365	-0.0880563237562917
3	0.298722410207184	-0.236665273992293	-0.141596862926441	-0.094104274178874
3.1	0.279305054840058	-0.255889778604121	-0.150640097362765	-0.0995840616490292
3.2	0.260878105461544	-0.274103802186188	-0.158879327500047	-0.104483961789391
3.3	0.243428904848184	-0.291290555367223	-0.166302537528354	-0.10879645888911
3.4	0.226938235730217	-0.307440685631612	-0.172903033981461	-0.112517871283277
3.5	0.211381683956229	-0.322551426244261	-0.178678928146489	-0.115648000088219
3.6	0.196730801620506	-0.336625818578153	-0.183632654648116	-0.118189800086592
3.7	0.182954095880511	-0.349672002315233	-0.187770524065142	-0.120149071611418
3.8	0.170017866106859	-0.361702568375216	-0.191102307551589	-0.121534172331043
3.9	0.157886909277274	-0.372733969785652	-0.193640851543277	-0.122355747887653
4	0.146525111109873	-0.382785986041644	-0.195401720734172	-0.122626480390481
4.1	0.135895938294442	-0.391881236816543	-0.196402867604931	-0.122360853811263
4.2	0.125962845292013	-0.400044741177162	-0.196664326879333	-0.121574935374011
4.3	0.116689607504928	-0.407303518729783	-0.196207933372805	-0.120286172073706
4.4	0.108040591147002	-0.413686229377836	-0.195057061781352	-0.118513201499306
4.5	0.0999809688441808	-0.419222848609676	-0.19323638703903	-0.116275676175464
4.6	0.0924768888506289	-0.423944375456495	-0.190771663947844	-0.113594100674672
4.7	0.0854956047559407	-0.42788257046712	-0.187689524855918	-0.110489680787309
4.8	0.0790055716705922	-0.43106972123919	-0.18401729422799	-0.106984184071214
4.9	0.0729765140950585	-0.433538433225884	-0.179782819017077	-0.103099811135125
5	0.0673794699908547	-0.435321443704854	-0.175014313807537	-0.0988590770416021
5.1	0.0621868149682595	-0.436451456952071	-0.169740219758061	-0.0942847022449472
5.2	0.057372269975912	-0.43696099880863	-0.163989076428342	-0.0893995125082574
5.3	0.0529108954132483	-0.436882288963976	-0.157789405625577	-0.0842263472710637
5.4	0.0487790741802168	-0.436247129405015	-0.151169606456583	-0.0787879759651734
5.5	0.0449544858231047	-0.435086807597898	-0.144157860818403	-0.073107021801291
5.6	0.0414160736246088	-0.433432013078436	-0.136782048604856	-0.0672058925728859
5.7	0.0381440062151725	-0.431312766228621	-0.129069671948721	-0.0611067180465673
5.8	0.0351196350463594	-0.428758358111149	-0.12104778785929	-0.0548312935300252
5.9	0.0323254488614668	-0.425797300321641	-0.112742948652914	-0.0484010292294014
6	0.0297450261199963	-0.422457283899778	-0.104181149610017	-0.0418369050278306
6.1	0.0273629861777268	-0.418765146416393	-0.0953877833260737	-0.0351594303358645
6.2	0.0251649398900671	-0.41474684642388	-0.0863876002561332	-0.0283886086826058
6.3	0.0231374401905642	-0.410427444522648	-0.0772046749829184	-0.0215439067336646
6.4	0.0212679330966264	-0.405831090356905	-0.0678623777672894	-0.0146442274385455
6.5	0.0195447095087084	-0.400981014909352	-0.0583833509670617	-0.00770788702581521
6.6	0.0179568580956322	-0.395899527516421	-0.0487894899358946	-0.000752595579407796
6.7	0.0164942194958246	-0.390608017074066	-0.0391019280382846	0.006204559056254
6.8	0.0151473420106893	-0.385126956948835	-0.0293410254396624	0.0131471242809953
6.9	0.0139074389208694	-0.37947591315042	-0.019526361352315	0.0200592928791497
7	0.0127663475177632	-0.373673555360204	-0.00967672943833398	0.0269259105085976
7.1	0.0117164899103758	-0.367737670445847	0.000189863909830406	0.0337324807400338
7.2	0.0107508356406242	-0.361685178124726	0.0100561986723791	0.0404651678366445
7.3	0.00986286611783012	-0.355532148469366	0.019905837932651	0.0471107974536676
7.4	0.00904654086471767	-0.349293820976001	0.0297231224627481	0.0536568554270957
7.5	0.0082962655522175	-0.342984624943246	0.039493163376615	0.0600914848110621
7.6	0.00760686178829728	-0.336618200931673	0.049201833048435	0.0664034813142093
7.7	0.00697353861645667	-0.330207423097098	0.0588357544805757	0.0725822872765375
7.8	0.00639186567208467	-0.323764422210583	0.0683822892924853	0.0786179843198653
7.9	0.00585774793925359	-0.317300609196823	0.0778295244898485	0.0845012847970729
8	0.00536740204644019	-0.310826699039711	0.0871662581619349	0.0902235221577418
8.1	0.00491733403687764	-0.304352734919632	0.0963819842443621	0.0957766403406042
8.2	0.00450431854754313	-0.297888112461497	0.105466876474429	0.101153182296401
8.3	0.004125379329992	-0.291441603985824	0.1144117716567	0.106346277738245
8.4	0.00377777104620465	-0.285021382667309	0.12320815234762	0.111349630210437
8.5	0.00345896227318095	-0.278635046516508	0.1318481290596	0.116157503560837
8.6	0.00316661965108236	-0.272289642110413	0.14032442207712	0.120764707896344
8.7	0.00289859311118482	-0.265991688007052	0.148630342970086	0.125166585095768
8.8	0.00265290212168039	-0.259747197787725	0.156759775882721	0.129358993949413
8.9	0.0024277228913798	-0.253561702678248	0.164707158669815	0.133338294989939
9	0.00222137647356023	-0.247440273707624	0.172467463946091	0.137101335074613
9.1	0.00203231771452009	-0.241387543368998	0.180036180108745	0.140645431774789
9.2	0.00185912499380252	-0.235407726753532	0.187409292387913	0.143968357624489
9.3	0.00170049070549402	-0.229504642133161	0.194583263974837	0.147068324276096
9.4	0.00155521243246469	-0.223681730972911	0.201555017272853	0.149943966607643
9.5	0.00142218476786631	-0.217942077357804	0.20832191531198	0.152594326822735
9.6	0.00130039174062439	-0.212288426823223	0.214881743363834	0.155018838580948
9.7	0.00118889980403251	-0.206723204581112	0.221232690789813	0.15721731119354
9.8	0.00108685134887067	-0.201248533137489	0.22737333315198	0.159189913916409
9.9	0.000993458704712271	-0.195866249299557	0.233302614612774	0.160937160369558
10	0.000907998595249697	-0.190577920573155	0.239019830646652	0.1624598931098
10.1	0.000829807015551073	-0.185384860953519	0.244524611083905	0.163759268380978
10.2	0.000758274501156184	-0.180288146114242	0.249816903504282	0.164836741063797
10.3	0.000692841760825811	-0.175288628001057	0.25489695699558	0.165694049845176
10.4	0.000632995646574795	-0.170386948838538	0.259765306290146	0.16633320262506
10.5	0.00057826543634469	-0.165583554559132	0.264422756290085	0.166756462176747
10.6	0.000528219406307867	-0.160878707665048	0.268870366990085	0.166966332075033
10.7	0.00048246167134274	-0.156272499534482	0.273109438804951	0.166965542904798
10.8	0.000440629273681314	-0.151764862184465	0.277141498307316	0.166757038761141
10.9	0.000402389501108016	-0.14735557950332	0.280968284379469	0.166343964050675
11	0.000367437417385405	-0.143044297966223	0.284591734781862	0.165729650602285
11.1	0.000335493588800781	-0.138830536847846	0.288013973139579	0.164917605094343
11.2	0.000306301991871253	-0.134713697946378	0.291237296346882	0.163911496804187
11.3	0.000279628088316414	-0.130693074833486	0.294264162388905	0.16271514568461
11.4	0.000255257054411073	-0.12676786164494	0.297097178578557	0.161332510770996
11.5	0.000232992152768506	-0.122937161426736	0.299739090205876	0.159767678921871
11.6	0.000212653235480944	-0.119199994051572	0.302192769596215	0.158024853894667
11.7	0.000194075368361722	-0.115555303720531	0.304461205572993	0.156108345757712
11.8	0.000177107566795814	-0.112001966064726	0.30654749332002	0.154022560638696
11.9	0.000161611634415631	-0.108538794861562	0.308454824637911	0.151771990809113
12	0.000147461096479877	-0.105164548380102	0.310186478588526	0.149361205103592
12.1	0.000134540220447933	-0.101877935369832	0.31174581252094	0.146794839672351
12.2	0.000122743116813519	-0.0986776207069003	0.313136253472064	0.144077589064522
12.3	0.000111972913791847	-0.0955622307116475	0.314361289934666	0.141214197639542
12.4	0.000102140999946886	-0.0925303581509752	0.315424463985231	0.138209451303356
12.5	9.31663293019668E-05	-0.0895805669388152	0.316329363763887	0.135068169565773
12.6	8.49747839003073E-05	-0.0867113965476444	0.317079616298343	0.13179519791489
12.7	7.7498589174125E-05	-0.0839213661436737	0.317678880663663	0.128395400504191
12.8	7.06757778441523E-05	-0.08120897845801	0.31813084146951	0.124873653147593
12.9	6.44496984073592E-05	-0.0785727234057487	0.318439202666419	0.121234836617429
13	5.87685645815074E-05	-0.0760110814646091	0.318607681662538	0.117483830240126
13.1	5.35850423625153E-05	-0.0735225268243772	0.318640003742254	0.11362550578409
13.2	4.88558716161623E-05	-0.071105530318066	0.318539896778067	0.109664721634106
13.3	4.45415193709515E-05	-0.0687585621453528	0.318311086227067	0.10560631724646
13.4	4.06058622054391E-05	-0.0664800943984987	0.317957290403405	0.101455107878714
13.5	3.70158953323703E-05	-0.0642686034006062	0.31748221601815	0.0972158795881
13.6	3.37414661748225E-05	-0.0621225718657197	0.316889553978	0.0928933844922357
13.7	3.0755030407421E-05	-0.0600404908899322	0.316182975434352	0.0884923362859062
13.8	2.80314285996687E-05	-0.0580208617823186	0.31536612807435	0.084017406007513
13.9	2.55476817495632E-05	-0.0560621977441816	0.314442632645596	0.0794732180487646
14	2.32828041348999E-05	-0.0541630254047666	0.313416079706313	0.0748643464011646
14.1	2.1217632037903E-05	-0.0523218862212783	0.312290026592888	0.0701953111327952
14.2	1.93346670168928E-05	-0.0505373377507162	0.311067994596822	0.0654705750889257
14.3	1.76179325073767E-05	-0.0488079548007332	0.309753466343243	0.0606945408099545
14.4	1.60528426349604E-05	-0.0471323304664257	0.308349883363318	0.0558715476602239
14.5	1.46260822144688E-05	-0.0455090770596618	0.306860643852976	0.0510058691612748
14.6	1.33254969942796E-05	-0.0439368269372721	0.305289100610582	0.0461017105231324
14.7	1.21399932826674E-05	-0.0424142332341492	0.303638559146294	0.041163206367281
14.8	1.10594461644604E-05	-0.0409399705070277	0.30191227595603	0.036194418635028
14.9	1.00746155820361E-05	-0.0395127352944582	0.300113456953122	0.0311993346750212
15	9.17706961505477E-06	-0.0381312465982328	0.298245256050903	0.0261818655037601
15.1	8.35911434879322E-06	-0.036794246291273	0.296310773889636	0.0211458442330103
15.2	7.61372977187596E-06	-0.0355004994567553	0.294313056701365	0.0160950246581161
15.3	6.93451119096307E-06	-0.0342487946630176	0.292255095306436	0.0110330800012919
15.4	6.31561569288473E-06	-0.0330379441785705	0.290139824235611	0.00596360180407081
15.5	5.75171322410953E-06	-0.031866784131322	0.287970120971853	0.000890098963170554
15.6	5.23794189358646E-06	-0.0307341746159191	0.285748805306059	-0.00418400309584774
15.7	4.76986713816654E-06	-0.0296389997529131	0.283478638801143	-0.00925536311265781
15.8	4.34344442023161E-06	-0.0285801677032614	0.281162324359089	-0.0143207245594061
15.9	3.95498515505713E-06	-0.027556610641501	0.278802505885715	-0.0193769160864293
16	3.60112559101629E-06	-0.0265672846907469	0.276401768048091	-0.0244208518516456
16.1	3.27879838918464E-06	-0.0256111698225063	0.273962636119691	-0.0294495317387193
16.2	2.98520667039943E-06	-0.0246872697241328	0.271487575908532	-0.0344600414689791
16.3	2.71780031752786E-06	-0.0237946116365919	0.268978993763719	-0.0394495526119462
16.4	2.47425433874891E-06	-0.022932246165063	0.266439236655949	-0.0444153224992341
16.5	2.25244911419051E-06	-0.0220992470647562	0.263870592327716	-0.0493546940464333
16.6	2.05045236341268E-06	-0.0212947110041904	0.261275289509065	-0.0542650954875248
16.7	1.8665026851011E-06	-0.0205177573080496	0.258655498194947	-0.0591440400261926
16.8	1.69899453304073E-06	-0.0197675276816071	0.256013329980321	-0.0639891254083422
16.9	1.54646450407268E-06	-0.0190431859185922	0.253350838449325	-0.0687980334199817
17	1.40757882438696E-06	-0.0183439175942601	0.250670019614971	-0.0735685293145131
17.1	1.28112193025297E-06	-0.0176689297453191	0.247972812405945	-0.0782984611733874
17.2	1.16598604821174E-06	-0.0170174505382638	0.245261099197245	-0.0829857592039215
17.3	1.06116168791899E-06	-0.0163887289275697	0.242536706381504	-0.0876284349780075
17.4	9.6572896829978E-07	-0.0157820343051094	0.239801404977989	-0.0922245806152967
17.5	8.78849704510394E-07	-0.0151966561420615	0.237056911276369	-0.0967723679143496
17.6	7.99760189456397E-07	-0.0146319036245022	0.234304887512497	-0.101270047435123
17.7	7.27764609335199E-07	-0.0140871052837872	0.231546942573536	-0.105715947536067
17.8	6.62229037902192E-07	-0.0135616086227581	0.228784632729906	-0.110108473368979
17.9	6.02575958943204E-07	-0.0130547797387339	0.226019462391608	-0.114446105834681
18	5.48279270809655E-07	-0.0125660029441816	0.22325288488662	-0.118727400502465
18.1	4.98859730871835E-07	-0.0120946803858947	0.220486303259141	-0.122950986496143
18.2	4.53880801401336E-07	-0.0116402316634479	0.217721071085583	-0.127115565349469
18.3	4.12944861735176E-07	-0.0112020934476381	0.214958493306283	-0.131219909833554
18.4	3.75689754628392E-07	-0.0107797190995675	0.212199827071034	-0.135262862758853
18.5	3.41785637492912E-07	-0.0103725782909727	0.209446282596607	-0.139243335754146
18.6	3.10932111771135E-07	-0.00998015662635602	0.206699024034519	-0.143160308024906
18.7	2.82855606023116E-07	-0.00960195526742735	0.203959170347419	-0.1470128250933
18.8	2.57306990435396E-07	-0.0092374905603238	0.201227796192518	-0.15079999752202
18.9	2.340594024047E-07	-0.00888629366603155	0.198505932810583	-0.154520999624019
19	2.12906264626416E-07	-0.00854791019439712	0.195794568919098	-0.158175068160178
19.1	1.93659478740711E-07	-0.00822189984207845	0.193094651608257	-0.161761501026815
19.2	1.76147779071264E-07	-0.00790783603475258	0.190407087238541	-0.165279655934879
19.3	1.60215232345151E-07	-0.00760530557386421	0.187732742338697	-0.168728949082594
19.4	1.45719870518406E-07	-0.00731390828816987	0.185072444502994	-0.172108853823236
19.5	1.32532444960308E-07	-0.00703325669030419	0.182426983286721	-0.175418899329652
19.6	1.20535291279795E-07	-0.00676297563856812	0.17979711109892	-0.178658669257052
19.7	1.09621295018025E-07	-0.00650270200411472	0.177183544091446	-0.181827800405543
19.8	9.96929492897558E-08	-0.00625208434368457	0.174586963043474	-0.184925981383788
19.9	9.06614962399735E-08	-0.00601078257802163	0.172008014240639	-0.18795295127513
20	8.24461448975423E-08	-0.00577846767608028	0.169447310348063	-0.190908498307422
20.1	7.49733586604912E-08	-0.00555482134511513	0.166905431276535	-0.193792458527772
20.2	6.81762062433445E-08	-0.00533953572672825	0.164382925041216	-0.196604714483331
20.3	6.19937704605403E-08	-0.00513231309893177	0.161880308612238	-0.199345193909186
20.4	5.63706097160451E-08	-0.00493286558426914	0.159398068756624	-0.202013868424391
20.5	5.12562675218564E-08	-0.00474091486402404	0.156936662871039	-0.204610752237074
20.6	4.66048257809913E-08	-0.00455619189853318	0.154496519804846	-0.207135900859532
20.7	4.23744979472397E-08	-0.00437843665360726	0.152078040673061	-0.20958940983416
20.8	3.85272585175619E-08	-0.00420739783305325	0.149681599658786	-0.211971413471003
20.9	3.50285056264241E-08	-0.00404283261728111	0.147307544804756	-0.214282083597697
21	3.184675379723E-08	-0.00388450640796872	0.144956198793662	-0.216521628322472
21.1	2.89533541667063E-08	-0.00373219257875008	0.14262785971696	-0.218690290810891
21.2	2.63222397358713E-08	-0.0035856722318844	0.140322801831885	-0.220788348076916
21.3	2.39296934180177E-08	-0.00344473396085613	0.138041276306437	-0.22281610978888
21.4	2.17541368518533E-08	-0.00330917361884976	0.135783511952127	-0.224773917090871
21.5	1.9775938128205E-08	-0.00317879409303742	0.133549715944298	-0.22666214144002
21.6	1.79772367430483E-08	-0.00305340508461173	0.131340074529864	-0.228481183460135
21.7	1.63417842394732E-08	-0.00293282289449185	0.12915475372233	-0.230231471812081
21.8	1.48547991377943E-08	-0.00281687021462633	0.126993899983983	-0.231913462081273
21.9	1.35028348775474E-08	-0.00270537592481248	0.124857640895169	-0.23352763568264
22	1.22736596086233E-08	-0.00259817489494891	0.122746085810579	-0.235074498783318
22.1	1.11561467722558E-08	-0.00249510779263449	0.120659326502502	-0.236554581243389
22.2	1.01401755068854E-08	-0.002396020896025	0.118597437791012	-0.237968435574868
22.3	9.21653999986581E-09	-0.00230076591185613	0.116560478161073	-0.239316635919171
22.4	8.37686698431225E-09	-0.00220919979853972	0.114548490366567	-0.240599777043228
22.5	7.61354065176809E-09	-0.00212118459423877	0.112561502021273	-0.241818473354414
22.6	6.91963431641523E-09	-0.0020365872498253	0.110599526176805	-0.242973357934409
22.7	6.28884822582445E-09	-0.00195527946662421	0.108662561887588	-0.244065081592097
22.8	5.71545296724717E-09	-0.00187713753884564	0.106750594762904	-0.245094311935591
22.9	5.19423796765738E-09	-0.00180204220060777	0.104863597506095	-0.246061732463431
23	4.72046463058287E-09	-0.00172987847745156	0.103001530441002	-0.246968041675001
23.1	4.28982369360696E-09	-0.00166053554224929	0.101164342025727	-0.247813952200169
23.2	3.89839642763052E-09	-0.00159390657540826	0.099351969353831	-0.248600189948163
23.3	3.54261933287703E-09	-0.00152988862927172	0.0975643386430705	-0.249327493275642
23.4	3.21925201749899E-09	-0.0014683824966194	0.0958013657117963	-0.249996612173938
23.5	2.92534797276666E-09	-0.00140929258317044	0.0940629564431427	-0.250608307475402
23.6	2.65822798443506E-09	-0.00135252678399231	0.092349007237139	-0.251163350078786
23.7	2.41545594321591E-09	-0.00129799636372016	0.0906594054508879	-0.251662520193578
23.8	2.19481683852871E-09	-0.00124561584049188	0.0889940298269543	-0.252106606603172
23.9	1.99429673905649E-09	-0.00119530287350506	0.0873527509101198	-0.252496405946786
24	1.81206458125397E-09	-0.00114697815410337	0.0857354314526596	-0.252832722019969
24.1	1.64645560300382E-09	-0.00110056530030084	0.0841419268083026	-0.253116365093579
24.2	1.49595627422963E-09	-0.00105599075465384	0.0825720853150416	-0.253348151251077
24.3	1.35919058958049E-09	-0.00101318368539185	0.081025748666964	-0.253528901743967
24.4	1.2349076004178E-09	-0.000972075890719493	0.0795027522752727	-0.253659442365224
24.5	1.12197007436632E-09	-0.000932601706203698	0.0780029256186764	-0.253740602840517
24.6	1.01934418073468E-09	-0.000894697915161182	0.0765260925833234	-0.253773216237051
24.7	9.26090109254992E-10	-0.000858303661963189	0.0750720717924616	-0.253758118389819
24.8	8.41353537915296E-10	-0.00082336036817564	0.0736406769260048	-0.253696147345063
24.9	7.64357873236981E-10	-0.000789811651454585	0.0722317170301882	-0.253588142820748
25	6.94397193248201E-10	-0.000757603247118316	0.070844996817498	-0.2534349456838
25.1	6.30829829683839E-10	-0.000726682932319075	0.0694803169570586	-0.253237397443922
25.2	5.73072531659042E-10	-0.000697000452738918	0.068137474355665	-0.252996339763725
25.3	5.20595158266293E-10	-0.000668507451735817	0.0668162624296431	-0.252712613984965
25.4	4.72915852281874E-10	-0.000641157401867746	0.0655164713677261	-0.252387060670641
25.5	4.29596651477901E-10	-0.000614905538724044	0.064237888385132	-0.252020519162707
25.6	3.9023949795906E-10	-0.000589708796994962	0.0629802979690268	-0.251613827155154
25.7	3.54482609513569E-10	-0.000565525748711889	0.0617434821155581	-0.251167820282223
25.8	3.2199718021702E-10	-0.000542316543592331	0.0605272205586447	-0.250683331721488
25.9	2.92484380484762E-10	-0.000520042851425279	0.0593312909907014	-0.250161191811554
26	2.65672629459293E-10	-0.000498667806434201	0.058155469275487	-0.249602227684131
26.1	2.41315115067704E-10	-0.000478155953556378	0.0569995296532483	-0.249007262910196
26.2	2.19187539312409E-10	-0.000458473196578906	0.0558632449383478	-0.248377117160025
26.3	1.99086068385711E-10	-0.000439586748073145	0.0547463867095453	-0.247712605876793
26.4	1.80825469043555E-10	-0.000421465081070926	0.0536487254931155	-0.247014539963517
26.5	1.64237414352257E-10	-0.000404077882427306	0.0525700309389722	-0.246283725483053
26.6	1.49168943449086E-10	-0.000387396007816087	0.0515100719899738	-0.245520963370916
26.7	1.35481061347043E-10	-0.000371391438305807	0.0504686170445798	-0.244727049160623
26.8	1.23047466078142E-10	-0.000356037238465267	0.0494454341130274	-0.243902772721342
26.9	1.11753391619558E-10	-0.000341307515949083	0.048440290967195	-0.243048918007542
27	1.0149455609311E-10	-0.000327177382515131	0.0474529552843156	-0.242166262820431
27.1	9.21762056802921E-11	-0.000313622916427053	0.0464831947847049	-0.241255578580876
27.2	8.37122455607863E-11	-0.000300621126196359	0.0455307773636613	-0.24031763011359
27.3	7.6024449969932E-11	-0.000288149915619915	0.0445954712176971	-0.239353175442295
27.4	6.90417441869627E-11	-0.00027618805006991	0.043677044965255	-0.238362965595634
27.5	6.26995519174395E-11	-0.000264715123994605	0.042775267762064	-0.237347744423559
27.6	5.69392021259657E-11	-0.000253711529589405	0.0418899094112828	-0.236308248423953
27.7	5.17073899143555E-11	-0.000243158426598992	0.0410207404685814	-0.235245206579237
27.8	4.69556865307169E-11	-0.000233037713212384	0.040167532342303	-0.234159340202707
27.9	4.26400940408423E-11	-0.000223331998013985	0.0393300573888515	-0.233051362794373
28	3.87206405988651E-11	-0.000214024572954737	0.0385080890034434	-0.231921979906032
28.1	3.51610126229761E-11	-0.000205099387308632	0.0377014017063619	-0.230771889015355
28.2	3.19282205174361E-11	-0.000196541022580861	0.0369097712248487	-0.22960177940875
28.3	2.89922948871658E-11	-0.000188334668334931	0.0361329745707652	-0.228412332072745
28.4	2.63260104686001E-11	-0.0001804660989071	0.0353707901141535	-0.22720421959369
28.5	2.39046352527634E-11	-0.000172921650977439	0.0346229976528242	-0.225978106065518
28.6	2.17057025059078E-11	-0.000165688201967825	0.0338893784780955	-0.22473464700536
28.7	1.9708803601655E-11	-0.000158753149238066	0.0331697154368066	-0.223474489276782
28.8	1.78953997682502E-11	-0.000152104390052314	0.0324637929897231	-0.222198271020421
28.9	1.62486510270006E-11	-0.000145730302288771	0.0317713972664536	-0.220906621591803
29	1.47532607547862E-11	-0.000139619725866578	0.0310923161169898	-0.219600161506142
29.1	1.33953344461063E-11	-0.000133761944864618	0.0304263391599837	-0.218279502389885
29.2	1.21622513797641E-11	-0.000128146670307771	0.0297732578278705	-0.216945246938811
29.3	1.1042548013148E-11	-0.000122764023596968	0.0291328654089434	-0.215597988882483
29.4	1.00258120342319E-11	-0.000117604520560146	0.0285049570864864	-0.214238312954833
29.5	9.10258609883214E-12	-0.000112659056101982	0.0278893299750656	-0.212866794870702
29.6	8.26428036922954E-12	-0.000107918889430993	0.0272857831540793	-0.211484001308127
29.7	7.50309305078384E-12	-0.000103375629843304	0.0266941176986637	-0.210090489896188
29.8	6.81193819636275E-12	-9.9021223043085E-05	0.0261141367080494	-0.208686809208231
29.9	6.18438011495235E-12	-9.4847937980312E-05	0.0255456453314606	-0.207273498760268
30	5.61457378130411E-12	-9.08483541871675E-05	0.0249884507916479	-0.205851089014397
30.1	5.09721069845975E-12	-8.70153495950159E-05	0.0244423624061416	-0.204420101387034
30.2	4.62746971498018E-12	-8.3342088814511E-05	0.023907191606312	-0.202981048261815
30.3	4.20097234413745E-12	-7.98220118619764E-05	0.02338275195432	-0.201534433006964
30.4	3.81374217362831E-12	-7.64488233157786E-05	0.0228688591580381	-0.200080749996987
30.5	3.46216799190596E-12	-7.32164818869705E-05	0.0223653310840227	-0.198620484638512
30.6	3.14297029134589E-12	-7.01191903890191E-05	0.0218719877686131	-0.197154113400116
30.7	2.85317083947463E-12	-6.71513860919595E-05	0.0213886514272333	-0.195682103845988
30.8	2.5900650376761E-12	-6.43077314468204E-05	0.0209151464619676	-0.194204914673266
30.9	2.35119681240889E-12	-6.15831051666586E-05	0.0204512994674834	-0.192722995752899
31	2.13433580725139E-12	-5.89725936510188E-05	0.019996939235368	-0.191236788173895
31.1	1.93745666525199E-12	-5.64714827410887E-05	0.0195518967569462	-0.189746724290794
31.2	1.75872021029411E-12	-5.40752497932749E-05	0.019116005224646	-0.188253227774238
31.3	1.59645635366265E-12	-5.17795560593465E-05	0.0186891000319723	-0.1867567136645
31.4	1.44914856788287E-12	-4.95802393617195E-05	0.0182710187721523	-0.185257588427827
31.5	1.31541978433694E-12	-4.74733070528557E-05	0.0178616012355115	-0.183756250015479
31.6	1.19401958428108E-12	-4.54549292481391E-05	0.0174606894056365	-0.18225308792532
31.7	1.08381256480667E-12	-4.35214323219772E-05	0.0170681274543833	-0.180748483265857
31.8	9.83767772120895E-13	-4.1669292657232E-05	0.0166837617357827	-0.17924280882258
31.9	8.92949104366169E-13	-3.9895130638448E-05	0.0163074407788972	-0.177736429126504
32	8.10506595142027E-13	-3.81957048796805E-05	0.0159390152796799	-0.176229700524786
32.1	7.35668497020832E-13	-3.65679066780606E-05	0.0155783380918838	-0.174722971253313
32.2	6.67734091734147E-13	-3.50087546845534E-05	0.0152252642170713	-0.173216581511136
32.3	6.06067160417011E-13	-3.35153897836728E-05	0.0148796507937684	-0.171710863536657
32.4	5.50090053394891E-13	-3.20850701742178E-05	0.0145413570858096	-0.170206141685464
32.5	4.99278304538136E-13	-3.07151666433799E-05	0.0142102444699162	-0.168702732509698
32.6	4.53155740242611E-13	-2.9403158026854E-05	0.0138861764225504	-0.167200944838872
32.7	4.1129003766859E-13	-2.81466268478505E-05	0.0135690185060854	-0.16570107986203
32.8	3.73288691025475E-13	-2.69432551281677E-05	0.0132586383543311	-0.164203431211169
32.9	3.38795348465155E-13	-2.57908203647365E-05	0.0129549056574534	-0.162708285045815
33	3.07486485576824E-13	-2.4687191665287E-05	0.0126576921463223	-0.161215920138679
33.1	2.79068384592376E-13	-2.36303260370264E-05	0.0123668715763271	-0.159726607962303
33.2	2.53274391242449E-13	-2.26182648224378E-05	0.0120823197106892	-0.158240612776612
33.3	2.29862423775321E-13	-2.16491302765307E-05	0.0118039143033087	-0.156758191717292
33.4	2.08612710987402E-13	-2.07211222800848E-05	0.0115315350811737	-0.155279594884919
33.5	1.89325738236746E-13	-1.98325151836279E-05	0.011265063726366	-0.153805065434755
33.6	1.71820382339423E-13	-1.89816547770892E-05	0.0110043838576892	-0.152334839667156
33.7	1.55932218000294E-13	-1.8166955380255E-05	0.0107493810119514	-0.150869147118494
33.8	1.4151198002111E-13	-1.73868970493359E-05	0.0104999426249262	-0.149408210652549
33.9	1.28424166974415E-13	-1.66400228951332E-05	0.0102559580120213	-0.147952246552296
34	1.16545773344857E-13	-1.59249365084577E-05	0.010017318348679	-0.146501464612018
34.1	1.05765138332354E-13	-1.5240299488622E-05	0.00978391665053167	-0.145056068229686
34.2	9.59809005950354E-14	-1.45848290709797E-05	0.00955564775333869	-0.143616254499553
34.3	8.71010491941111E-14	-1.39572958496416E-05	0.00933240829272426	-0.142182214304894
34.4	7.90420618967695E-14	-1.33565215916427E-05	0.00911409668373987	-0.140754132410844
34.5	7.17281228052453E-14	-1.27813771389762E-05	0.00890061310027119	-0.13933218755727
34.6	6.50904120177503E-14	-1.2230780395045E-05	0.00869185945430982	-0.137916552551647
34.7	5.90664606968675E-14	-1.17036943922149E-05	0.0084877393751088	-0.136507394361855
34.8	5.35995655295033E-14	-1.11991254372782E-05	0.00828815818824034	-0.13510487420888
34.9	4.8638257115133E-14	-1.07161213317578E-05	0.00809302289457334	-0.133709147659357
35	4.41358173210289E-14	-1.0253769664101E-05	0.00790224214918746	-0.132320364717913
35.1	4.00498410990599E-14	-9.81119617092377E-06	0.00771572624024007	-0.130938669919264
35.2	3.63418386726893E-14	-9.3875631645751E-06	0.00753338706780133	-0.129564202420041
35.3	3.29768743788644E-14	-8.98206802439678E-06	0.00735513812267202	-0.128197096090278
35.4	2.99232387910065E-14	-8.59394174915391E-06	0.00718089446519856	-0.126837479604551
35.5	2.71521510594897E-14	-8.22244756820918E-06	0.00701057270409826	-0.125485476532717
35.6	2.46374886876889E-14	-7.86687960910796E-06	0.00684409097530801	-0.124141205430224
35.7	2.23555422174941E-14	-7.52656161933023E-06	0.00668136892086817	-0.122804779927955
35.8	2.02847925305208E-14	-7.20084574005347E-06	0.00652232766785375	-0.121476308821576
35.9	1.84057086822276E-14	-6.88911132985339E-06	0.00636688980736368	-0.120155896160364
36	1.67005643777537E-14	-6.59076383634988E-06	0.00621497937357877	-0.118843641335472
36.1	1.51532713722858E-14	-6.30523371388363E-06	0.00606652182289838	-0.117539639167623
36.2	1.3749228236769E-14	-6.03197538538234E-06	0.00592144401316532	-0.116243979994187
36.3	1.24751830732638E-14	-5.77046624664804E-06	0.00577967418298793	-0.114956749755628
36.4	1.1319108894545E-14	-5.52020571136583E-06	0.00564114193116783	-0.1136780300813
36.5	1.02700905008569E-14	-5.28071429520038E-06	0.0055057781962416	-0.112407898374561
36.6	9.31822179417942E-15	-5.05153273741115E-06	0.00537351523614375	-0.111146427897185
36.7	8.45451256791786E-15	-4.83222115847803E-06	0.00524428660799841	-0.109893687853059
36.8	7.67080389851854E-15	-4.6223582522888E-06	0.00511802714804633	-0.108649743471144
36.9	6.95969134595278E-15	-4.42154051149651E-06	0.00499467295171371	-0.107414656087674
37	6.31445524305061E-15	-4.22938148470959E-06	0.00487416135382876	-0.106188483227587
37.1	5.72899741998884E-15	-4.0455110642303E-06	0.00475643090899178	-0.104971278685169
37.2	5.19778377045472E-15	-3.86957480310761E-06	0.00464142137210363	-0.103763092603893
37.3	4.71579212068565E-15	-3.70123326031939E-06	0.0045290736790581	-0.102563971555444
37.4	4.27846491223018E-15	-3.54016137294569E-06	0.0044193299276022	-0.101373958617915
37.5	3.8816662543514E-15	-3.38604785423986E-06	0.00431213335836897	-0.100193093453164
37.6	3.52164294292134E-15	-3.23859461654756E-06	0.00420742833608669	-0.0990214123833149
37.7	3.19498907981249E-15	-3.09751621806538E-06	0.00410516033096805	-0.0978589484664052
37.8	2.89861396053149E-15	-2.96253933247093E-06	0.00400527590028286	-0.096705731571158
37.9	2.62971292846982E-15	-2.83340224049453E-06	0.0039077226701171	-0.0955617884508772
38	2.3857409219565E-15	-2.70985434253986E-06	0.00381244931732145	-0.0944271428164569
38.1	2.16438846554671E-15	-2.59165569149643E-06	0.00371940555165167	-0.0933018154084982
38.2	1.96355987990178E-15	-2.47857654492082E-06	0.00362854209810328	-0.0921858240685267
38.3	1.7813535054283E-15	-2.37039693579666E-06	0.00353981067944256	-0.0910791838093065
38.4	1.6160437537364E-15	-2.26690626111478E-06	0.00345316399893576	-0.0899819068842455
38.5	1.46606481813057E-15	-2.16790288754545E-06	0.00336855572327827	-0.088894002855888
38.6	1.32999588991766E-15	-2.07319377350362E-06	0.00328594046572508	-0.0878154786634909
38.7	1.20654774145389E-15	-1.98259410693636E-06	0.00320527376942385	-0.0867463386896823
38.8	1.09455054968561E-15	-1.8959269581883E-06	0.00312651209095166	-0.0856865848261982
38.9	9.92942845589656E-16	-1.81302294732705E-06	0.00304961278405631	-0.0846362165386982
39	9.00761485495231E-16	-1.73371992533533E-06	0.00297453408360286	-0.0835952309306565
39.1	8.17132549870462E-16	-1.65786266860033E-06	0.00290123508972597	-0.0825636228063304
39.2	7.41263083872705E-16	-1.58530258615404E-06	0.00282967575218849	-0.0815413847328049
39.3	6.72433601873528E-16	-1.51589743914E-06	0.0027598168549464	-0.080528507101114
39.4	6.0999128535172E-16	-1.44951107200333E-06	0.00269162000092032	-0.0795249781864403
39.5	5.53343810067323E-16	-1.38601315492119E-06	0.00262504759697344	-0.078530784207394
39.6	5.01953744347971E-16	-1.32527893701033E-06	0.00256006283909576	-0.0775459093843733
39.7	4.55333465691141E-16	-1.26718900986719E-06	0.00249662969779436	-0.0765703359970091
39.8	4.13040547762348E-16	-1.21162908101389E-06	0.00243471290368912	-0.0756040444406957
39.9	3.74673574295967E-16	-1.15848975684114E-06	0.00237427793331356	-0.0746470132822116
