#r (a.u)	f1(r)	f2(r)	f3(r)	f4(r)
0.1	0.180547825687731	0.0639444025444686	-0.0348240378642845	0.0244792062512407
0.2	0.326787073227555	0.115259685797971	-0.0627219498653869	0.0440775261698375
0.3	0.44360735509492	0.155336969817675	-0.0844173369240826	0.0592950214594483
0.4	0.535278851763129	0.185446555862981	-0.100578670283174	0.0705957400289539
0.5	0.605525878884082	0.206747141106182	-0.111822790513272	0.0784098001798784
0.6	0.65759206671251	0.220294385918669	-0.118718209208255	0.083135370697941
0.7	0.694298081538136	0.227048876718272	-0.121788223614806	0.0851405515282291
0.8	0.718092717931771	0.227883524625182	-0.121513853940038	0.0847651595191913
0.9	0.731098100442954	0.223590437604405	-0.118336612604018	0.0823224235336382
1	0.735149652871839	0.214887301362388	-0.112661114249133	0.0781005930455704
1.1	0.73183142135403	0.202423302004165	-0.104857534884666	0.0723644641690754
1.2	0.722507273332599	0.186784621336482	-0.0952639281317228	0.0653568268999037
1.3	0.708348437226651	0.168499533713134	-0.0841884061397509	0.0572998371911423
1.4	0.690357796511019	0.148043131453472	-0.0719111923706275	0.0483963173315505
1.5	0.669391306338837	0.125841704115834	-0.0586865530886246	0.0388309879482494
1.6	0.64617686018412	0.102276795268016	-0.0447446140538633	0.0287716348144947
1.7	0.621330897728224	0.0776889588594717	-0.0302930685922353	0.0183702135078118
1.8	0.595373012894101	0.0523812358592862	-0.0155187829055508	0.00776389483377617
1.9	0.568738792124495	0.0266223704734469	-0.000589304191161297	-0.00292394619411505
2	0.541791087329814	0.000649783989586908	0.0143457231402159	-0.0135827951478898
2.1	0.514829905061499	-0.0253276768882182	0.0291532281268839	-0.0241141141962974
2.2	0.488101073097533	-0.0511272014627744	0.0437154660315032	-0.0344305068886264
2.3	0.461803827488959	-0.0765896715138648	0.0579288487043195	-0.044454929371963
2.4	0.436097446970363	-0.101577499078136	0.0717028482397942	-0.0541199458044759
2.5	0.411107047267723	-0.125972632714358	0.0849589698515191	-0.0633670258248129
2.6	0.386928635052873	-0.14967472028407	0.097629790099353	-0.072145882031445
2.7	0.363633509922774	-0.17259941707743	0.109658056801287	-0.0804138455155036
2.8	0.341272092671246	-0.194676828862902	0.120995847151889	-0.0881352775769649
2.9	0.319877249133564	-0.215850080140025	0.131603780749087	-0.0952810158365768
3	0.299467170898453	-0.236073998530325	0.141450284402261	-0.101827853035315
3.1	0.280047867088126	-0.25531390685482	0.150510905757555	-0.107758046889078
3.2	0.261615315107893	-0.273544515020517	0.158767672931154	-0.113058859439331
3.3	0.244157312675388	-0.29074890437501	0.166208497488715	-0.117722124410241
3.4	0.227655068478117	-0.306917597690289	0.172826618249078	-0.121743841149888
3.5	0.212084564407541	-0.322047708406079	0.178620083523786	-0.125123793797366
3.6	0.197417718416349	-0.336142163201894	0.183591269530323	-0.127865194379164
3.7	0.1836233735881	-0.349208992376852	0.187746432837576	-0.12997434859721
3.8	0.170668135945701	-0.361260682899672	0.1910952948162	-0.131460343127491
3.9	0.158517080813389	-0.372313589349144	0.193650656175459	-0.132334753302395
4	0.147134345147109	-0.382387398299837	0.195428039771215	-0.132611370101728
4.1	0.13648362112558	-0.391504642020157	0.196445359967943	-0.132305945427153
4.2	0.126528564417758	-0.399690257641418	0.196722616930853	-0.131435954682386
4.3	0.117233128884491	-0.406971188229031	0.196281614312651	-0.130020375727062
4.4	0.108561838008132	-0.413376022440779	0.195145698883504	-0.128079483315878
4.5	0.100480002051873	-0.418934669694519	0.193339520732653	-0.125634658176423
4.6	0.0929538888112291	-0.423678067988718	0.190888812745741	-0.122708209919095
4.7	0.0859508548159418	-0.427637921725639	0.187820188133911	-0.119323213010845
4.8	0.0794394429562523	-0.430846467079412	0.184160954858855	-0.115503355081102
4.9	0.0733894517293651	-0.433336262630627	0.179938945862852	-0.111272796863363
5	0.0677719806176555	-0.435140003156237	0.175182364074045	-0.106656043109452
5.1	0.0625594555090547	-0.436290354619407	0.169919641215662	-0.101677823845538
5.2	0.0577256375424781	-0.43681980854911	0.164179309502943	-0.0963629853697855
5.3	0.0532456182984527	-0.436760554134329	0.157989885363975	-0.0907363904208028
5.4	0.0490958038498439	-0.436144366483766	0.151379764370272	-0.0848228269741225
5.5	0.0452538898329681	-0.435002509618857	0.144377126609974	-0.078646925150878
5.6	0.0416988293894106	-0.433365652877151	0.137009851781115	-0.0722330817484017
5.7	0.0384107955583392	-0.431263799504337	0.129305443324648	-0.0656053919270558
5.8	0.0353711394632529	-0.428726226307536	0.121290960956953	-0.0587875876109808
5.9	0.0325623454318396	-0.425781433330211	0.112992960999346	-0.0518029821829171
6	0.0299679840091672	-0.422457102590383	0.104437443938149	-0.0446744210745431
6.1	0.0275726636697029	-0.418780064999658	0.0956498086826232	-0.0374242378742602
6.2	0.025361981899569	-0.414776274650788	0.0866548130203905	-0.0300742155938347
6.3	0.0233224762046176	-0.41047078972671	0.0774765398002683	-0.022645552753927
6.4	0.0214415755000229	-0.405887759344639	0.0681383684012377	-0.0151588339663047
6.5	0.0197075522511664	-0.401050415704863	0.0586629510734567	-0.00763400470749724
6.6	0.0181094756618579	-0.395981070966057	0.0490721937629568	-9.0349994826092E-05
6.7	0.0166371661429363	-0.390701118317145	0.0393872410559996	0.00745352330879133
6.8	0.0152811512405112	-0.38523103676044	0.029628464901955	0.0149797008201992
6.9	0.0140326231575274	-0.379590399162309	0.0198154567953786	0.022470971836363
7	0.0128833979637086	-0.373797883165755	0.00996702311836961	0.0299108376412232
7.1	0.0118258765565391	-0.367871284594952	0.000101183363722197	0.0372835171377768
7.2	0.0108530074087517	-0.361827533014422	-0.00976482902241889	0.0445739500119302
7.3	0.00995825111527107	-0.355682709135901	-0.0196145634223963	0.0517677976231671
7.4	0.00913554673395245	-0.34945206379388	-0.0294323466811101	0.0588514418059278
7.5	0.00837927989931242	-0.343150038236666	-0.0392032758047627	0.0658119817552402
7.6	0.00768425267617844	-0.336790285503645	-0.0489132089222063	0.0726372291599907
7.7	0.00704565511049034	-0.330385692681313	-0.0585487546932436	0.079315701737847
7.8	0.00645903842688627	-0.323948403851001	-0.0680972603353566	0.0858366153166979
7.9	0.00592028981696608	-0.317489843559704	-0.0775467984282757	0.0921898745989081
8	0.0054256087579273	-0.311020740662708	-0.0868861526444242	0.0983660627364726
8.1	0.0049714847983461	-0.304551152402314	-0.0961048025425087	0.104356429837416
8.2	0.00455467674609968	-0.298090488601568	-0.105192907551563	0.110152880516324
8.3	0.00417219319252253	-0.291647535865032	-0.114141290263157	0.115747960594898
8.4	0.00382127430675573	-0.285230481690954	-0.12294141914068	0.121134843051773
8.5	0.00349937483473522	-0.278846938410193	-0.131585390746165	0.126307313314425
8.6	0.00320414823825689	-0.272503966877568	-0.140065911577371	0.131259753980082
8.7	0.00293343191095746	-0.266208099850561	-0.14837627960035	0.135987129046738
8.8	0.00268523340973918	-0.259965364998814	-0.156510365555902	0.140484967730049
8.9	0.00245771764214957	-0.253781307495635	-0.164462594111841	0.144749347936686
9	0.00224919495235503	-0.247661012149768	-0.17222792492684	0.148776879459906
9.1	0.00205811005060924	-0.241609125042124	-0.179801833686048	0.152564686958454
9.2	0.00188303173349363	-0.235629874637955	-0.187180293163265	0.156110392775593
9.3	0.00172264334459039	-0.229727092350288	-0.194359754359544	0.159412099650875
9.4	0.00157573392770005	-0.223904232535156	-0.20133712776336	0.162468373373371
9.5	0.00144119002710396	-0.218164391903508	-0.208109764773257	0.165278225421456
9.6	0.00131798809179161	-0.212510328338554	-0.214675439319707	0.167841095630596
9.7	0.00120518744289579	-0.206944479110762	-0.2210323297192	0.170156834927495
9.8	0.00110192376589372	-0.201468978485903	-0.227179000790062	0.172225688165578
9.9	0.00100740309133017	-0.196085674724273	-0.233114386256195	0.174048277094154
10	0.000920896229986655	-0.19079614647176	-0.238837771461839	0.175625583490537
10.1	0.000841733630474847	-0.185601718545567	-0.244348776417742	0.176958932481976
10.2	0.000769300629221671	-0.180503477119452	-0.249647339196325	0.178049976081742
10.3	0.000703033064705335	-0.175502284314941	-0.254733699691143	0.178900676961328
10.4	0.000642413229595781	-0.170598792206545	-0.259608383753536	0.179513292478616
10.5	0.000586966136196931	-0.165793456250333	-0.264272187717415	0.179890358979819
10.6	0.000536256072187184	-0.161086548146257	-0.268726163321035	0.180034676390985
10.7	0.000489883425203148	-0.156478168145647	-0.272971603032956	0.179949293113137
10.8	0.000447481756287281	-0.151968256816128	-0.277010025787679	0.179637491233404
10.9	0.000408715103560098	-0.147556606276788	-0.280843163134912	0.179102772062849
11	0.000373275498793347	-0.143242870917127	-0.284472945805113	0.178348842010307
11.1	0.000340880680772097	-0.139026577613622	-0.287901490692576	0.177379598800066
11.2	0.000311271990462837	-0.134907135458193	-0.29113108825625	0.176199118039978
11.3	0.000284212434085754	-0.130883845013055	-0.294164190337338	0.17481164014534
11.4	0.000259484901188442	-0.126955907106647	-0.297003398391851	0.17322155762278
11.5	0.000236890525746021	-0.12312243118538	-0.299651452135299	0.171433402717318
11.6	0.000216247179202463	-0.119382443236095	-0.302111218595974	0.169451835424754
11.7	0.000197388085170283	-0.115734893293954	-0.304385681572587	0.167281631870716
11.8	0.000180160546278093	-0.112178662550536	-0.306477931491275	0.164927673056741
11.9	0.000164424774357525	-0.108712570076731	-0.308391155656506	0.162394933973087
12	0.000150052815828194	-0.105335379174916	-0.31012862888989	0.159688473077194
12.1	0.000136927564749485	-0.102045803374626	-0.311693704550334	0.156813422136036
12.2	0.000124941856586496	-0.0988425120858229	-0.31308980592879	0.153774976430047
12.3	0.00011399763624752	-0.0957241359235003	-0.314320418010269	0.150578385315706
12.4	0.000104005194481907	-0.092689271717191	-0.315389079595631	0.147228943143343
12.5	9.48824671379692E-05	-0.0897364872185904	-0.316299375775367	0.143731980526302
12.6	8.65543922428701E-05	-0.0868643255202185	-0.317054930747363	0.140092855957101
12.7	7.89523202381587E-05	-0.0840713091977509	-0.317659400970437	0.136316947765945
12.8	7.20134730730122E-05	-0.0813559441882847	-0.318116468645366	0.132409646416461
12.9	6.56804481957892E-05	-0.078716723416484	-0.318429835514905	0.128376347133354
13	5.99007637969436E-05	-0.0761521301801936	-0.318603216974277	0.124222442856285
13.1	5.46264419367878E-05	-0.0736606413067967	-0.31864033648359	0.119953317514108
13.2	4.98136264723029E-05	-0.0712407300911982	-0.318544920273498	0.115574339613302
13.3	4.54222329288847E-05	-0.0688908690259744	-0.318320692335507	0.111090856134335
13.4	4.14156276910795E-05	-0.0666095323339035	-0.317971369688348	0.106508186729437
13.5	3.77603341156501E-05	-0.0643951983127293	-0.317500657911733	0.101831618215185
13.6	3.44257633282514E-05	-0.0622463515016184	-0.316912246939073	0.0970663993531479
13.7	3.13839676837444E-05	-0.0601614846785139	-0.316209807100594	0.09221773591175
13.8	2.86094150045192E-05	-0.0581391006971735	-0.315396985408515	0.0872907860024375
13.9	2.60787818737828E-05	-0.0561777141723783	-0.31447740207596	0.0822906556831596
14	2.37707644048756E-05	-0.054275853021473	-0.313454647261413	0.0772223948221557
14.1	2.16659050284186E-05	-0.0524320598700541	-0.31233227803063	0.0720909932149872
14.2	1.97464339659391E-05	-0.0506448933293326	-0.311113815528057	0.0669013769477435
14.3	1.79961241565251E-05	-0.0489129291523757	-0.309802742349914	0.0616584049993872
14.4	1.6400158516572E-05	-0.0472347612761078	-0.308402500111252	0.0563668660761718
14.5	1.49450084977396E-05	-0.0456090027557229	-0.306916487199469	0.0510314756711235
14.6	1.36183229903113E-05	-0.0440342865977808	-0.305348056706816	0.045656873341582
14.7	1.24088267087705E-05	-0.0425092664980826	-0.303700514534766	0.0402476201979205
14.8	1.13062272587935E-05	-0.0410326174900667	-0.301977117663044	0.0348081965965047
14.9	1.03011301444883E-05	-0.0396030365092309	-0.300181072576488	0.0293430000301095
15	9.38496106253607E-06	-0.0382192428788866	-0.298315533842939	0.0238563432090728
15.1	8.54989485171584E-06	-0.036879978722194	-0.296383602835591	0.0183524523264809
15.2	7.78879054048118E-06	-0.0355840093053252	-0.294388326593381	0.0128354655008559
15.3	7.095131974119E-06	-0.0343301233162191	-0.29233269681316	0.00730943138984992
15.4	6.46297354885379E-06	-0.0331171330833422	-0.290219648967559	0.00177830796855656
15.5	5.88689061544004E-06	-0.0319438747384885	-0.288052061542668	-0.00375403853382155
15.6	5.36193415880968E-06	-0.0308092083275807	-0.285832755389754	-0.00928383454514271
15.7	4.88358938747012E-06	-0.0297120178731489	-0.283564493185445	-0.0148073999153727
15.8	4.44773789355119E-06	-0.0286512113920145	-0.281249978995009	-0.0203211485414813
15.9	4.05062308947503E-06	-0.0276257208715218	-0.278891857933455	-0.0258215888579976
16	3.68881863105872E-06	-0.0266345022074599	-0.276492715919387	-0.0313053241989535
16.1	3.35919957305382E-06	-0.0256765351066878	-0.274055079516718	-0.0367690530368073
16.2	3.05891602914814E-06	-0.0247508229572643	-0.271581415859472	-0.042209569103812
16.3	2.78536911383693E-06	-0.0238563926687867	-0.269074132655106	-0.0476237614011674
16.4	2.53618897046553E-06	-0.0229922944854425	-0.266535578261894	-0.0530086141012019
16.5	2.30921471462003E-06	-0.0221576017741715	-0.263968041836122	-0.0583612063476554
16.6	2.10247611324682E-06	-0.0213514107901684	-0.261373753544927	-0.0636787119590382
16.7	1.91417686864148E-06	-0.0205728404218861	-0.25875488484086	-0.0689583990399264
16.8	1.74267934944906E-06	-0.0198210319174729	-0.25611354879427	-0.0741976295048873
16.9	1.58649065427691E-06	-0.0190951485945738	-0.253451800479885	-0.0793938585196272
17	1.4442498977433E-06	-0.0183943755352426	-0.250771637413986	-0.0845446338638526
17.1	1.31471659492777E-06	-0.0177179192676001	-0.248075000038812	-0.0896475952201488
17.2	1.19676007319098E-06	-0.0170650074358357	-0.245363772250869	-0.0947004733931079
17.3	1.08934980047892E-06	-0.0164348884599618	-0.242639781970023	-0.0997010894628039
17.4	9.91546563590958E-07	-0.0158268311867227	-0.239904801746378	-0.104647353876559
17.5	9.02494417468799E-07	-0.0152401245329041	-0.237160549401987	-0.109537265482881
17.6	8.21413343538507E-07	-0.0146740771222632	-0.234408688704678	-0.114368910511269
17.7	7.47592545814464E-07	-0.0141280169171575	-0.231650830071296	-0.119140461501507
17.8	6.80384339454666E-07	-0.0136012908459473	-0.228888531297856	-0.123850176185935
17.9	6.19198574548242E-07	-0.0130932644270926	-0.226123298314154	-0.128496396328084
18	5.63497550581909E-07	-0.0126033213908836	-0.223356585960518	-0.133077546520908
18.1	5.12791376086719E-07	-0.0121308632996048	-0.220589798784492	-0.137592132947794
18.2	4.66633738997156E-07	-0.0116753091669174	-0.217824291855333	-0.142038742109369
18.3	4.24618047161611E-07	-0.0112360950771724	-0.215061371594317	-0.146416039519026
18.4	3.86373909569525E-07	-0.0108126738053009	-0.212302296618904	-0.150722768370031
18.5	3.51563928212321E-07	-0.0104045144379159	-0.209548278598984	-0.154957748176886
18.6	3.19880771004999E-07	-0.0100111019961423	-0.206800483123427	-0.159119873393589
18.7	2.91044506287E-07	-0.00963193706073267	-0.204060030575318	-0.163208112011298
18.8	2.64800169361422E-07	-0.00926653539989335	-0.201327997014288	-0.167221504137828
18.9	2.40915544899534E-07	-0.00891442760028063	-0.198605415064473	-0.171159160561289
19	2.19179146176988E-07	-0.00857515870153931	-0.195893274806701	-0.175020261300104
19.1	1.99398371778837E-07	-0.00824828783474519	-0.193192524673558	-0.178804054141527
19.2	1.81397826759106E-07	-0.00793338786505977	-0.1905040723461	-0.182509853170723
19.3	1.65017791253012E-07	-0.00763004503889735	-0.187828785651013	-0.186137037292366
19.4	1.50112825928027E-07	-0.00733785863584198	-0.185167493457087	-0.189685048746606
19.5	1.36550498852535E-07	-0.00705644062556294	-0.182520986570012	-0.193153391621234
19.6	1.24210228434307E-07	-0.00678541532991993	-0.179890018624415	-0.196541630361695
19.7	1.12982225586332E-07	-0.00652441909042854	-0.177275306972305	-0.199849388280655
19.8	1.02766531620673E-07	-0.0062730999412544	-0.174677533566974	-0.203076346068575
19.9	9.34721420201233E-08	-0.00603111728786203	-0.172097345841594	-0.206222240306862
20	8.50162068230691E-08	-0.00579814159141834	-0.169535357581729	-0.209286861984944
20.1	7.73233026715858E-08	-0.00557385405907252	-0.166992149791041	-0.212270055022618
20.2	7.03247693727854E-08	-0.00535794634015559	-0.164468271549552	-0.215171714798919
20.3	6.39581063453736E-08	-0.00515012022838007	-0.161964240863838	-0.21799178668875
20.4	5.81664203577268E-08	-0.00495008737007845	-0.159480545508574	-0.22073026460834
20.5	5.28979256250169E-08	-0.0047575689785106	-0.157017643858934	-0.223387189570659
20.6	4.81054867928592E-08	-0.00457229555425268	-0.15457596571334	-0.225962648251764
20.7	4.37462011261266E-08	-0.00439400661168694	-0.152155913106123	-0.228456771569019
20.8	3.97810222372345E-08	-0.00422245041156821	-0.149757861109694	-0.230869733272121
20.9	3.61744135141023E-08	-0.00405738369966109	-0.147382158625846	-0.233201748547726
21	3.28940322839559E-08	-0.00389857145142555	-0.145029129165875	-0.235453072638472
21.1	2.99104455860401E-08	-0.00374578662271081	-0.14269907161918	-0.237623999477143
21.2	2.71968687250768E-08	-0.00359880990641971	-0.140392261010112	-0.239714860336639
21.3	2.47289262595006E-08	-0.00345742949508663	-0.138108949242803	-0.241726022496392
21.4	2.24844383042742E-08	-0.00332144084932963	-0.135849365833773	-0.243657887925817
21.5	2.04432216220532E-08	-0.00319064647209297	-0.133613718632136	-0.245510891985342
21.6	1.85869112994121E-08	-0.0030648556886451	-0.131402194527223	-0.247285502145489
21.7	1.68987980054122E-08	-0.00294388443221649	-0.129214960143517	-0.248982216724531
21.8	1.53636774458982E-08	-0.00282755503524969	-0.127052162522768	-0.250601563645046
21.9	1.39677167785354E-08	-0.00271569602614007	-0.124913929793195	-0.252144099209833
22	1.26983298998928E-08	-0.00260814193142193	-0.122800371825726	-0.25361040689748
22.1	1.15440659197357E-08	-0.00250473308327662	-0.120711580877193	-0.255001096177919
22.2	1.04945082631167E-08	-0.00240531543230522	-0.118647632220487	-0.256316801348222
22.3	9.54017998500804E-09	-0.00230974036546078	-0.116608584761632	-0.257558180388873
22.4	8.67246021635444E-09	-0.00221786452904217	-0.114594481643792	-0.258725913840754
22.5	7.88350681692692E-09	-0.00212954965667187	-0.112605350838219	-0.259820703702987
22.6	7.16618445555487E-09	-0.00204466240214516	-0.110641205722193	-0.260843272351804
22.7	6.51400400427294E-09	-0.00196307417707305	-0.108702045643977	-0.261794361480556
22.8	5.9210624827087E-09	-0.00188466099319539	-0.106787856474856	-0.26267473106096
22.9	5.38199010494277E-09	-0.00180930330929529	-0.104898611148341	-0.263485158325642
23	4.89190368775024E-09	-0.00173688588259733	-0.103034270186595	-0.26422643677206
23.1	4.44636060176753E-09	-0.00166729762455936	-0.1011947822142	-0.264899375187763
23.2	4.04132010443588E-09	-0.0016004314609528	-0.0993800844593372	-0.265504796697062
23.3	3.67310892596127E-09	-0.00153618419615248	-0.0975901032425318	-0.266043537829022
23.4	3.33838452718385E-09	-0.00147445638150687	-0.0958247544530272	-0.266516447606802
23.5	3.03410757154027E-09	-0.00141515218772177	-0.0940839440129764	-0.266924386658229
23.6	2.75751355154951E-09	-0.00135817928114881	-0.0923675683295327	-0.267268226347567
23.7	2.50609002918946E-09	-0.00130344870388384	-0.0906755147350053	-0.267548847928361
23.8	2.27755011184667E-09	-0.00125087475756967	-0.0890076619152313	-0.267767141717276
23.9	2.06981485111449E-09	-0.0012003748908371	-0.0873638803262926	-0.267924006288777
24	1.88099410137027E-09	-0.00115186959027129	-0.0857440325997561	-0.268020347690528
24.1	1.70936924331154E-09	-0.00110528227480653	-0.0841479739365972	-0.268057078679356
24.2	1.55337687791699E-09	-0.00106053919347864	-0.0825755524899477	-0.268035117977619
24.3	1.41159650899554E-09	-0.00101756932643909	-0.081026609736874	-0.267955389549787
24.4	1.28273448968163E-09	-0.000976304289128107	-0.0795009808393256	-0.267818821899065
24.5	1.16561641574577E-09	-0.000936678239551014	-0.0779984949944461	-0.26762634738385
24.6	1.05917412370584E-09	-0.000898627788542993	-0.0765189757744194	-0.267378901553826
24.7	9.62436430586063E-10	-0.000862091912953877	-0.0750622414560279	-0.267077422505451
24.8	8.74519234057483E-10	-0.000827011871677353	-0.0736281053401076	-0.266722850256651
24.9	7.94620698839711E-10	-0.000793331124428677	-0.0722163760610799	-0.266316126140464
25	7.22010140474132E-10	-0.000760995253203129	-0.0708268578867455	-0.26585819221738
25.1	6.56023780521197E-10	-0.000729951886336042	-0.0694593510085236	-0.265349990706172
25.2	5.96059259378868E-10	-0.00070015062509111	-0.068113651822317	-0.264792463432922
25.3	5.41566745398809E-10	-0.000671542972687352	-0.0667895532001975	-0.264186551298019
25.4	4.92048434626695E-10	-0.000644082265730938	-0.0654868447530926	-0.263533193760809
25.5	4.47050895885599E-10	-0.000617723607925736	-0.0642053130846523	-0.262833328341729
25.6	4.06161942084498E-10	-0.000592423806047827	-0.0629447420364836	-0.262087890141525
25.7	3.69007004111484E-10	-0.000568141308078481	-0.0617049129249564	-0.261297811377392
25.8	3.35245807821873E-10	-0.000544836143453699	-0.0604856047697237	-0.260464020935676
25.9	3.04568882907243E-10	-0.000522469865344847	-0.0592865945141841	-0.259587443940909
26	2.76694851567405E-10	-0.000501005494924755	-0.0581076572380221	-0.25866900134086
26.1	2.51368173072327E-10	-0.000480407467555517	-0.0569485663620554	-0.25770960950733
26.2	2.283564097198E-10	-0.000460641580828221	-0.0558090938455239	-0.256710179852389
26.3	2.07448298116231E-10	-0.000441674944404187	-0.0546890103760193	-0.255671618459787
26.4	1.88451788198006E-10	-0.000423475931602884	-0.0535880855522424	-0.254594825731243
26.5	1.71192728733107E-10	-0.000406014132677457	-0.0525060880597212	-0.253480696047283
26.6	1.5551168979663E-10	-0.000389260309716407	-0.0514427858397224	-0.252330117442401
26.7	1.41265480477471E-10	-0.000373186353146257	-0.0503979462514522	-0.251143971294194
26.8	1.28322319787114E-10	-0.000357765239743111	-0.049371336227794	-0.249923132026207
26.9	1.16563750307737E-10	-0.000342970992144426	-0.0483627224246803	-0.248668466824203
27	1.05881016100196E-10	-0.000328778639782012	-0.0473718713643101	-0.247380835365529
27.1	9.61758510304113E-11	-0.000315164181211197	-0.0463985495723439	-0.246061089561343
27.2	8.73594776713867E-11	-0.000302104547772931	-0.0454425237092519	-0.244710073311362
27.3	7.9350078618566E-11	-0.000289577568556618	-0.044503560695973	-0.243328622270886
27.4	7.20739238447773E-11	-0.000277561936622998	-0.0435814278340157	-0.241917563629771
27.5	6.54645185660162E-11	-0.000266037176428669	-0.0426758929201952	-0.240477715903115
27.6	5.94605388997464E-11	-0.000254983612427603	-0.041786724356113	-0.239009888733325
27.7	5.40061270887745E-11	-0.000244382338808126	-0.0409136912525524	-0.237514882703319
27.8	4.90515530979646E-11	-0.000234215190323569	-0.0400565635289313	-0.235993489160582
27.9	4.45508167712952E-11	-0.000224464714173672	-0.0392151120079392	-0.234446490051774
28	4.04626000532386E-11	-0.000215114142915907	-0.0383891085055172	-0.232874657767651
28.1	3.6749010154125E-11	-0.000206147368359456	-0.0375783259163162	-0.231278754998015
28.2	3.33761135640006E-11	-0.000197548916416348	-0.0367825382947454	-0.229659534596411
28.3	3.03117956603713E-11	-0.000189303922862377	-0.0360015209317659	-0.228017739454329
28.4	2.75285406255916E-11	-0.000181398110007123	-0.035235050427558	-0.226354102384638
28.5	2.50008745485861E-11	-0.000173817764199466	-0.0344829047601701	-0.224669346013992
28.6	2.27048517829951E-11	-0.000166549714173189	-0.0337448633502963	-0.222964182683957
28.7	2.06192709217818E-11	-0.000159581310189896	-0.0330207071222767	-0.2212393143606
28.8	1.87251181026405E-11	-0.000152900403960802	-0.0323102185614767	-0.219495432552306
28.9	1.70047396275947E-11	-0.000146495329296087	-0.0316131817681192	-0.217733218235548
29	1.5442113362244E-11	-0.00014035488349017	-0.0309293825077167	-0.215953341788401
29.1	1.40231514192422E-11	-0.000134468309391407	-0.0302586082581953	-0.214156462931543
29.2	1.27341874019693E-11	-0.000128825278139579	-0.0296006482538285	-0.212343230676507
29.3	1.15638236204534E-11	-0.000123415872552799	-0.028955293526075	-0.210514283280952
29.4	1.05010251365731E-11	-0.000118230571135438	-0.028322336941451	-0.208670248210739
29.5	9.53572367829171E-12	-0.000113260232680333	-0.0277015732364952	-0.206811742108574
29.6	8.65892628458755E-12	-0.000108496081460929	-0.0270927990499699	-0.204939370768983
29.7	7.86262825795131E-12	-0.000103929692968748	-0.0264958129523587	-0.203053729119443
29.8	7.13937865464242E-12	-9.95529801952977E-05	-0.025910415472781	-0.201155401207417
29.9	6.48239762461017E-12	-9.5358180433717E-05	-0.0253364091233932	-0.199244960193095
30	5.88562638748712E-12	-9.13378425759873E-05	-0.0247735984213831	-0.197322968347642
30.1	5.343702171652E-12	-8.74848148929424E-05	-0.0242217899086348	-0.195389977056748
30.2	4.85184216952515E-12	-8.37922332778608E-05	-0.023680792169145	-0.193446526829269
30.3	4.40546640200149E-12	-8.02535099388794E-05	-0.0231504158442884	-0.191493147310779
30.4	3.9998240238105E-12	-7.68623225204606E-05	-0.0226304736459903	-0.189530357301835
30.5	3.63141525065529E-12	-7.3612603643129E-05	-0.0221207803679063	-0.187558664780775
30.6	3.29660279311948E-12	-7.04985308394264E-05	-0.0216211528946693	-0.185578566930841
30.7	2.99309585949724E-12	-6.75145168757276E-05	-0.0211314102092816	-0.183590550171493
30.8	2.71729762847758E-12	-6.46552004451206E-05	-0.0206513733987286	-0.18159509019368
30.9	2.46680612158244E-12	-6.19154372220408E-05	-0.0201808656578741	-0.17959265199894
31	2.23964306774608E-12	-5.92902912547299E-05	-0.0197197122917104	-0.177583689942142
31.1	2.03342426501625E-12	-5.67750266877813E-05	-0.0192677407160343	-0.175568647777708
31.2	1.84550449721447E-12	-5.43650998151773E-05	-0.0188247804565961	-0.173547958709144
31.3	1.67514703481444E-12	-5.20561514313392E-05	-0.0183906631468009	-0.171522045441739
31.4	1.52081997774703E-12	-4.98439994742236E-05	-0.0179652225240084	-0.169491320238264
31.5	1.38027908889855E-12	-4.77246319592725E-05	-0.0175482944244987	-0.167456184977518
31.6	1.25273520857163E-12	-4.5694200195126E-05	-0.0171397167771516	-0.165417031215579
31.7	1.13730735418766E-12	-4.37490122445419E-05	-0.0167393295958986	-0.163374240249625
31.8	1.0319573746633E-12	-4.18855266502925E-05	-0.0163469749710052	-0.161328183184156
31.9	9.36282154122978E-13	-4.01003464100549E-05	-0.0159624970592152	-0.159279220999516
32	8.49675837138491E-13	-3.83902131737842E-05	-0.0155857420728345	-0.157227704622543
32.1	7.70768884118325E-13	-3.67520016775063E-05	-0.0152165582677698	-0.155173974999242
32.2	6.99587675901309E-13	-3.51827143901105E-05	-0.0148547959306012	-0.153118363169355
32.3	6.3460337698612E-13	-3.36794763650669E-05	-0.0145003073647009	-0.151061190342668
32.4	5.75663975825463E-13	-3.22395303086872E-05	-0.0141529468754684	-0.149002767976987
32.5	5.22616064681523E-13	-3.08602318231453E-05	-0.013812570754697	-0.146943397857614
32.6	4.74189912440073E-13	-2.95390448447654E-05	-0.0134790372641404	-0.144883372178245
32.7	4.30643434130672E-13	-2.82735372697561E-05	-0.0131522066182865	-0.142822973623152
32.8	3.91434259390869E-13	-2.70613767320855E-05	-0.0128319409664044	-0.140762475450553
32.9	3.55363232798024E-13	-2.59003265643642E-05	-0.0125181043738798	-0.138702141577068
33	3.23121263904881E-13	-2.47882419166307E-05	-0.0122105628028711	-0.136642226663137
33.1	2.93583776882717E-13	-2.37230660125169E-05	-0.0119091840923484	-0.13458297619932
33.2	2.6702151702956E-13	-2.27028265736899E-05	-0.0116138379375004	-0.132524626593367
33.3	2.42808793761939E-13	-2.1725632371346E-05	-0.0113243958685857	-0.130467405257981
33.4	2.21058546186222E-13	-2.07896699178502E-05	-0.0110407312292195	-0.12841153069915
33.5	2.0097210175311E-13	-1.98932002909009E-05	-0.0107627191541493	-0.126357212604996
33.6	1.82380770597765E-13	-1.90345560813501E-05	-0.0104902365465338	-0.124304651935019
33.7	1.65731698411196E-13	-1.82121384675635E-05	-0.0102231620547506	-0.122254041009674
33.8	1.50384592152967E-13	-1.74244143858106E-05	-0.00996137604876261	-0.120205563600195
33.9	1.36853456431261E-13	-1.66699138449049E-05	-0.00970476059606175	-0.118159395018574
34	1.24583837131799E-13	-1.59472273167491E-05	-0.00945319943720759	-0.116115702207629
34.1	1.12879717166979E-13	-1.52550032469582E-05	-0.00920657796099985	-0.114074643831087
34.2	1.03065858615256E-13	-1.45919456645257E-05	-0.00896478317927091	-0.112036370363594
34.3	9.43218209518493E-14	-1.39568118726361E-05	-0.00872770370135884	-0.110001024180608
34.4	8.60014313115703E-14	-1.33484102468366E-05	-0.00849522970824563	-0.107968739648067
34.5	7.91234135429049E-14	-1.27655981140364E-05	-0.00826725292638911	-0.105939643211821
34.6	7.24638189639235E-14	-1.2207279706938E-05	-0.00804366660127219	-0.103913853486694
34.7	6.64504605225186E-14	-1.16724042184796E-05	-0.00782436547066894	-0.101891481345189
34.8	6.06650229051285E-14	-1.11599639138014E-05	-0.00760924573765576	-0.099872630005708
34.9	5.54254159805472E-14	-1.0668992330817E-05	-0.00739820504336766	-0.0978573951202826
35	5.09284975352154E-14	-1.01985625449303E-05	-0.00719114243952646	-0.0958458648617187
35.1	4.66175946586986E-14	-9.7477854998062E-06	-0.00698795836073255	-0.0938381200101222
35.2	4.18800489829714E-14	-9.31580841048744E-06	-0.00678855459656076	-0.0918342340387564
35.3	3.82917019210675E-14	-8.90181323451323E-06	-0.0065928342634343	-0.0898342731991641
35.4	3.46599065823591E-14	-8.50501517781113E-06	-0.00640070177631058	-0.087838296605512
35.5	3.08626723312903E-14	-8.12466129258593E-06	-0.00621206282018033	-0.0858463563181193
35.6	2.80061892950883E-14	-7.76002910917841E-06	-0.00602682432138712	-0.0838584974261101
35.7	2.50683822339512E-14	-7.41042532062332E-06	-0.00584489441877191	-0.081874758129156
35.8	2.29199427091457E-14	-7.07518453352538E-06	-0.00566618243464767	-0.0798951698182603
35.9	2.07789352068996E-14	-6.75366804881532E-06	-0.00549059884561837	-0.0779197571555407
36	1.87135136044033E-14	-6.44526270597123E-06	-0.00531805525323171	-0.075948538152982
36.1	1.67185111116053E-14	-6.1493797614386E-06	-0.0051484643544885	-0.0739815242501099
36.2	1.4829761104936E-14	-5.86545380858333E-06	-0.00498173991218247	-0.0720187203905544
36.3	1.35942145932372E-14	-5.59294175785109E-06	-0.00481779672511555	-0.0700601250974521
36.4	1.18361169964926E-14	-5.33132182054072E-06	-0.0046565505981466	-0.0681057305476883
36.5	1.04197606238048E-14	-5.0800925709463E-06	-0.00449791831210011	-0.0661555226449001
36.6	9.46674313177683E-15	-4.83877201405942E-06	-0.00434181759353374	-0.0642094810912506
36.7	8.02303412020414E-15	-4.60689669672802E-06	-0.00418816708434834	-0.0622675794579138
36.8	7.5598301604395E-15	-4.38402086453455E-06	-0.00403688631126549	-0.0603297852542515
36.9	6.52447406114582E-15	-4.1697156216127E-06	-0.00388789565514537	-0.0583960599956636
37	5.88600294959837E-15	-3.96356815251241E-06	-0.00374111632015985	-0.0564663592700634
37.1	5.26193504603176E-15	-3.76518094995685E-06	-0.00359647030280947	-0.0545406328029691
37.2	4.52822891454193E-15	-3.57417107661758E-06	-0.00345388036078122	-0.0526188245211808
37.3	3.74671711346386E-15	-3.39016945514914E-06	-0.003313269981655	-0.05070087261501
37.4	3.19550417636988E-15	-3.21282018315607E-06	-0.00317456335143512	-0.048786709599058
37.5	2.93111948651886E-15	-3.04177986224618E-06	-0.00303768532291728	-0.0468762623714923
37.6	2.31991844391701E-15	-2.87671695999865E-06	-0.00290256138387822	-0.0449694522718302
37.7	1.96953653451785E-15	-2.71731119422038E-06	-0.00276911762508274	-0.0430661951371861
37.8	2.09233001500541E-15	-2.56325292201953E-06	-0.00263728070810273	-0.0411664013569719
37.9	2.02990639020465E-15	-2.41424256225078E-06	-0.00250697783293722	-0.0392699759260203
38	1.96509575749481E-15	-2.2699900348799E-06	-0.00237813670543538	-0.0373768184961378
38.1	1.64997187570869E-15	-2.13021420954768E-06	-0.00225068550449985	-0.035486823426034
38.2	1.35944947586117E-15	-1.99464237213701E-06	-0.00212455284907007	-0.0335998798296424
38.3	1.57442498341863E-15	-1.8630097128767E-06	-0.00199966776487623	-0.0317158716227878
38.4	1.25734600366623E-15	-1.73505881805469E-06	-0.00187595965095212	-0.0298346775682119
38.5	1.47845388794031E-15	-1.61053918850127E-06	-0.00175335824589358	-0.0279561713189158
38.6	1.28658343750523E-15	-1.48920674757708E-06	-0.0016317935938509	-0.0260802214598191
38.7	9.94256231812062E-16	-1.37082339091465E-06	-0.00151119601025792	-0.0242066915477169
38.8	6.92587626356854E-16	-1.25515651699731E-06	-0.00139149604725633	-0.0223354401495246
38.9	4.52228805048726E-16	-1.1419785879304E-06	-0.00127262445883154	-0.0204663208787848
39	5.98005032402706E-16	-1.03106668818055E-06	-0.00115451216563269	-0.0185991824304388
39.1	4.40741518971442E-16	-9.22202093617689E-07	-0.00103709021945577	-0.0167338686138356
39.2	3.49711214023659E-16	-8.15169850190915E-07	-0.000920289767399564	-0.0148702183839758
39.3	7.00826691570924E-16	-7.09758357698591E-07	-0.000804042015644663	-0.0130080658709746
39.4	6.34766157221728E-16	-6.05758952096518E-07	-0.000688278192873927	-0.0111472404077261
39.5	4.96853755190943E-16	-5.02965506671467E-07	-0.000572929513290716	-0.00928756655576839
39.6	5.06308915116453E-16	-4.01174024067065E-07	-0.000457927139237115	-0.00742886412932926
39.7	3.70426774717398E-16	-3.00182236616556E-07	-0.000343202143380783	-0.00557094821754072
39.8	4.02227020867184E-16	-1.99789211796189E-07	-0.000228685470464713	-0.00371362920482186
39.9	1.66318186794769E-16	-9.97949512358152E-08	-0.000114307898586453	-0.0018567127894047
