-3.14159265358979 0 0
-3.078760800518 -0.0604048475575844 -0.00189767425328119
-3.0159289474462 -0.120809695115169 -0.00759069701312475
-2.95309709437441 -0.181214542672753 -0.0170790682795307
-2.89026524130261 -0.241619390230338 -0.030362788052499
-2.82743338823081 -0.302024237787922 -0.0474418563320297
-2.76460153515902 -0.362429085345506 -0.0683162731181227
-2.70176968208722 -0.422833932903091 -0.0929860384107782
-2.63893782901543 -0.477870627800622 -0.121401746746101
-2.57610597594363 -0.519951292924919 -0.152749246903523
-2.51327412287183 -0.562031958049216 -0.186740753229199
-2.45044226980004 -0.604112623173514 -0.223376265723128
-2.38761041672824 -0.646193288297811 -0.26265578438531
-2.32477856365645 -0.688273953422108 -0.304579309215745
-2.26194671058465 -0.730354618546405 -0.349146840214434
-2.19911485751285 -0.772435283670702 -0.396358377381376
-2.13628300444106 -0.814515948794999 -0.446213920716571
-2.07345115136926 -0.856596613919296 -0.498713470220019
-2.01061929829747 -0.898677279043593 -0.553857025891721
-1.94778744522567 -0.923641959589571 -0.611313336602909
-1.88495559215387 -0.937938528203258 -0.66979661244807
-1.82212373908208 -0.952235096816946 -0.729178168191797
-1.75929188601028 -0.966531665430634 -0.789458003834089
-1.69646003293849 -0.980828234044322 -0.850636119374948
-1.63362817986669 -0.995124802658009 -0.912712514814373
-1.57079632679489 -0.990934132253548 -0.975261347885697
-1.5079644737231 -0.980016499307907 -1.03718058813271
-1.4451326206513 -0.969098866362267 -1.0984138532706
-1.38230076757951 -0.958181233416627 -1.15896114329935
-1.31946891450771 -0.947263600470986 -1.21882245821897
-1.25663706143591 -0.936345967525346 -1.27799779802946
-1.19380520836412 -0.925428334579706 -1.33648716273081
-1.13097335529232 -0.897638531655256 -1.39394010182751
-1.06814150222053 -0.861201814888536 -1.4491957009429
-1.00530964914873 -0.824765098121817 -1.50216191362399
-0.942477796076935 -0.788328381355097 -1.55283873987077
-0.879645943005139 -0.751891664588378 -1.60122617968325
-0.816814089933343 -0.715454947821659 -1.64732423306142
-0.753982236861547 -0.679018231054939 -1.69113290000529
-0.691150383789752 -0.633710959295693 -1.73252610708907
-0.628318530717956 -0.577666486077857 -1.77058265192017
-0.56548667764616 -0.521622012860021 -1.80511781864456
-0.502654824574364 -0.465577539642184 -1.83613160726224
-0.439822971502568 -0.409533066424348 -1.86362401777321
-0.376991118430772 -0.353488593206512 -1.88759505017747
-0.314159265358977 -0.297444119988675 -1.90804470447502
-0.251327412287181 -0.241399646770839 -1.92497298066587
-0.188495559215385 -0.185355173553003 -1.93837987875
-0.125663706143589 -0.125142196113783 -1.94818019928532
-0.0628318530717931 -0.062690444226861 -1.9540811357153
2.77555756156289E-15 -0.000238692339939311 -1.95605811284665
0.0628318530717986 0.0622130595469823 -1.95411113067937
0.125663706143595 0.124664811433904 -1.94824018921345
0.18849555921539 0.187116563320826 -1.93844528844889
0.251327412287186 0.244395742176537 -1.92483841704617
0.314159265358982 0.299341830646442 -1.90775639740355
0.376991118430778 0.354287919116347 -1.88722201320333
0.439822971502574 0.409234007586252 -1.86323526444549
0.50265482457437 0.464180096056157 -1.83579615113004
0.565486677646165 0.519126184526063 -1.80490467325699
0.628318530717961 0.574072272995968 -1.77056083082632
0.691150383789757 0.629018361465873 -1.73276462383804
0.753982236861553 0.683964449935778 -1.69151605229215
0.816814089933349 0.720696335134431 -1.64735120670773
0.879645943005145 0.756200819104155 -1.60095311420909
0.94247779607694 0.791705303073879 -1.55232420919028
1.00530964914874 0.827209787043603 -1.50146449165129
1.06814150222053 0.862714271013327 -1.44837396159213
1.13097335529233 0.898218754983051 -1.39305261901279
1.19380520836412 0.924588287639208 -1.33559677491623
1.25663706143592 0.932872876879264 -1.27724291142843
1.31946891450772 0.94115746611932 -1.21836851184675
1.38230076757951 0.949442055359377 -1.15897357617117
1.44513262065131 0.957726644599433 -1.0990581044017
1.5079644737231 0.966011233839489 -1.03862209653834
1.5707963267949 0.974295823079545 -0.977665552581084
1.6336281798667 0.982580412319601 -0.91618847252994
1.69646003293849 0.990865001559657 -0.854190856384904
1.75929188601029 0.970444615912391 -0.792505398624339
1.82212373908208 0.947642225396457 -0.732246923328308
1.88495559215388 0.924839834880524 -0.673421164482859
1.94778744522568 0.90203744436459 -0.616028122087994
2.01061929829747 0.879235053848656 -0.560067796143711
2.07345115136927 0.856432663332722 -0.505540186650011
2.13628300444106 0.833630272816788 -0.452445293606894
2.19911485751286 0.807434156702962 -0.400796985994254
2.26194671058466 0.758542683899897 -0.351600372612957
2.32477856365645 0.709651211096833 -0.305475701067285
2.38761041672825 0.660759738293768 -0.26242297135724
2.45044226980004 0.611868265490704 -0.222442183482821
2.51327412287184 0.56297679268764 -0.185533337444027
2.57610597594363 0.514085319884575 -0.151696433240859
2.63893782901543 0.465193847081511 -0.120931470873317
2.70176968208723 0.416302374278446 -0.0932384503414012
2.76460153515902 0.367410901475382 -0.0686173716451109
2.82743338823082 0.306951493082185 -0.0474045855191495
2.89026524130261 0.245561194465747 -0.0300468875169921
2.95309709437441 0.184170895849309 -0.0165464557375365
3.01592894744621 0.122780597232871 -0.00690329018078248
3.078760800518 0.0613902986164329 -0.00111739084673022
3.14159265358979 0 0.000811242264620302
