5 1
10 0
15 0
20 0
25 0
30 0
35 0
40 0
45 1
50 1
55 0
60 1
65 1
70 2
75 2
80 3
85 3
90 3
95 5
100 5
105 5
110 7
115 8
120 8
125 11
130 11
135 13
140 13
145 15
150 16
155 18
160 21
165 24
170 25
175 27
180 30
185 32
190 35
195 37
200 40
205 46
210 48
215 51
220 58
225 58
230 64
235 66
240 74
245 79
250 82
255 83
260 88
265 95
270 99
275 108
280 115
285 121
290 128
295 130
300 140
305 149
310 156
315 161
320 169
325 179
330 188
335 205
340 208
345 215
350 227
355 236
360 255
365 279
370 270
375 278
380 285
385 301
390 310
395 324
400 376
405 358
410 360
415 377
420 394
425 398
430 448
435 435
440 462
445 483
450 488
455 499
460 534
465 570
470 568
475 579
480 580
485 648
490 636
495 650
500 689
