t	x1	y1	x2	y2	x3	y3
0	0.97000436	-0.24308753	-0.97000436	0.24308753	0	0
0.001	0.970469957709257	-0.242655012682624	-0.969537549785347	0.243519743457119	-0.000932407913910311	-0.000864730774494419
0.003	0.971397522139983	-0.241789074662728	-0.968600285314553	0.244383250533971	-0.00279723679543013	-0.00259417587124232
0.007	0.973238172773511	-0.24005364188586	-0.966711134563575	0.246106526969292	-0.00652703813993557	-0.0060528850834316
0.015	0.976861927173461	-0.236568995404051	-0.96287398129516	0.249537653348399	-0.0139879457283015	-0.0129686579443479
0.031	0.983882177804124	-0.22954801488117	-0.954961365037191	0.25633425410065	-0.0289208124569322	-0.0267862392194801
0.063	0.997037001319961	-0.215324762008754	-0.938160016406954	0.269630947046157	-0.0588769842830076	-0.0543061850374025
0.114747574571496	1.01592626038938	-0.191923612661232	-0.90812678538673	0.290104088928293	-0.107799473855171	-0.0981804762670613
0.171011120234967	1.03333832142849	-0.16609394339366	-0.871268715783163	0.310475338485907	-0.16206960393522	-0.144381395092247
0.171011120234967	1.03333832142849	-0.16609394339366	-0.871268715783163	0.310475338485907	-0.16206960393522	-0.144381395092247
0.220626601412867	1.0461851016169	-0.143109825470902	-0.835001629232728	0.326292907412447	-0.211183470177904	-0.183183081941544
0.220626601412867	1.0461851016169	-0.143109825470902	-0.835001629232728	0.326292907412447	-0.211183470177904	-0.183183081941544
0.266860544712338	1.05618066884975	-0.121591008933065	-0.797996285669325	0.338736770099812	-0.25818438051182	-0.217145761166747
0.266860544712338	1.05618066884975	-0.121591008933065	-0.797996285669325	0.338736770099812	-0.25818438051182	-0.217145761166747
0.30955715630815	1.06381297494605	-0.101670700816174	-0.761119161076813	0.347844346353546	-0.302693810773666	-0.246173645537372
0.30955715630815	1.06381297494605	-0.101670700816174	-0.761119161076813	0.347844346353546	-0.302693810773666	-0.246173645537372
0.347903951388532	1.06941956471489	-0.0837600871139178	-0.725886450534248	0.353745535387004	-0.343533110701601	-0.269985448273086
0.347903951388532	1.06941956471489	-0.0837600871139178	-0.725886450534248	0.353745535387004	-0.343533110701601	-0.269985448273086
0.379895444892038	1.07322556151415	-0.0688116299678357	-0.695069990125467	0.356810978630054	-0.378155567589733	-0.287999348662218
0.379895444892038	1.07322556151415	-0.0688116299678357	-0.695069990125467	0.356810978630054	-0.378155567589733	-0.287999348662218
0.393671779638986	1.07462603655192	-0.062373804792315	-0.681430608720933	0.357569324144725	-0.393195423894268	-0.29519551935241
0.393671779638986	1.07462603655192	-0.062373804792315	-0.681430608720933	0.357569324144725	-0.393195423894268	-0.29519551935241
0.393671779638986	1.07462603655192	-0.062373804792315	-0.681430608720933	0.357569324144725	-0.393195423894268	-0.29519551935241
0.404978499754266	1.07566967561498	-0.0570899874068213	-0.670081040761527	0.35792736468573	-0.405588630803664	-0.300837377278908
0.427591939984828	1.07747376542726	-0.0465224930373922	-0.646989346629209	0.357904260481104	-0.430484414522133	-0.311381767443711
0.455598715024014	1.07919065075693	-0.0334353522911051	-0.617736635079045	0.356457808991239	-0.461454011121899	-0.323022456700134
0.492699696474432	1.08059429669546	-0.0161001225684006	-0.578062126081673	0.352025403331937	-0.502532165686792	-0.335925280763536
0.492699696474432	1.08059429669546	-0.0161001225684006	-0.578062126081673	0.352025403331937	-0.502532165686792	-0.335925280763536
0.521015106023421	1.08100364930886	-0.00287071639313693	-0.54724272444165	0.346657655077414	-0.533760919657062	-0.343786938684277
0.548959990338741	1.08084792628221	0.0101854466074745	-0.516516697431812	0.33965458040746	-0.564331223360797	-0.349840027014935
0.587206070961769	1.07973197894064	0.028055233082261	-0.474206625870129	0.327338495330092	-0.605525347198451	-0.355393728412353
0.587206070961769	1.07973197894064	0.028055233082261	-0.474206625870129	0.327338495330092	-0.605525347198451	-0.355393728412353
0.614686922622767	1.07828162464296	0.0408962097682115	-0.443785112988846	0.316582072362669	-0.634496505507242	-0.357478282130881
0.614686922622767	1.07828162464296	0.0408962097682115	-0.443785112988846	0.316582072362669	-0.634496505507242	-0.357478282130881
0.614686922622767	1.07828162464296	0.0408962097682115	-0.443785112988846	0.316582072362669	-0.634496505507242	-0.357478282130881
0.634041200240801	1.07693134127452	0.0499404337871443	-0.422418211271137	0.308080999637323	-0.654513123662973	-0.358021433424468
0.656981735940788	1.07497477464638	0.0606608730474053	-0.39720852791945	0.29705097212296	-0.677766240157115	-0.357711845170365
0.689112610691227	1.07157486010365	0.0756756766468787	-0.362202053593848	0.279948797938706	-0.709372799618674	-0.355624474585585
0.729166021606979	1.06623289592252	0.0943878655820369	-0.31920925682177	0.256133820435121	-0.747023631809088	-0.350521686017158
0.774656568758985	1.05862652932819	0.115621761470241	-0.271418945182847	0.226104649943063	-0.787207576398778	-0.341726411413304
0.824437800899556	1.04833462040806	0.138808511271909	-0.220492875232064	0.190168049555421	-0.827841736931621	-0.32897656082733
0.877879196115449	1.03485520699574	0.1635866983644	-0.16738117348708	0.14872738442355	-0.867474024729866	-0.31231408278795
0.934909280580845	1.01748945565428	0.189796160871397	-0.112247701840732	0.102078428754583	-0.905241744464459	-0.29187458962598
0.934909280580845	1.01748945565428	0.189796160871397	-0.112247701840732	0.102078428754583	-0.905241744464459	-0.29187458962598
0.983547568231098	1.00005816217353	0.21183875815045	-0.0661793477323852	0.0609544146760157	-0.933878804605672	-0.272793172826466
0.983547568231098	1.00005816217353	0.21183875815045	-0.0661793477323852	0.0609544146760157	-0.933878804605672	-0.272793172826466
1.02023518516007	0.985200848038781	0.228187378308016	-0.0318014707478533	0.0294461723127985	-0.953399367088575	-0.257633550620814
1.02023518516007	0.985200848038781	0.228187378308016	-0.0318014707478533	0.0294461723127985	-0.953399367088575	-0.257633550620814
1.02023518516007	0.985200848038781	0.228187378308016	-0.0318014707478533	0.0294461723127985	-0.953399367088575	-0.257633550620814
1.04373234638721	0.974872266102354	0.238493605596761	-0.00987168284644819	0.00915378975280933	-0.965000572818581	-0.24764739534957
1.07833359460184	0.958455277825484	0.253378118413473	0.0223989518049924	-0.0207566871729389	-0.98085421884714	-0.232621431240534
1.11871639811297	0.937396057494767	0.270201625254533	0.0601891451384539	-0.0555028511892111	-0.997585191446056	-0.214698774065322
1.16922724677775	0.90802785104955	0.290165338151635	0.107952694507982	-0.0983150001202482	-1.01598053386526	-0.191850338031387
1.22568705658191	0.871020507848435	0.310596996229126	0.162418453886106	-0.144667838584597	-1.03343894947767	-0.165929157644529
1.22568705658191	0.871020507848435	0.310596996229126	0.162418453886106	-0.144667838584597	-1.03343894947767	-0.165929157644529
1.27528560240216	0.834740775292155	0.326393105896538	0.211524690730668	-0.183441241063752	-1.04626545326997	-0.142951864832786
1.27528560240216	0.834740775292155	0.326393105896538	0.211524690730668	-0.183441241063752	-1.04626545326997	-0.142951864832786
1.32149604733407	0.797732353444544	0.338813223441297	0.258510492761904	-0.217369748664684	-1.05624283299149	-0.121443474776613
1.32149604733407	0.797732353444544	0.338813223441297	0.258510492761904	-0.217369748664684	-1.05624283299149	-0.121443474776613
1.36416547419134	0.760860650256153	0.347897340142953	0.302999043070967	-0.246361719577339	-1.06385967968546	-0.101535620565614
1.36416547419134	0.760860650256153	0.347897340142953	0.302999043070967	-0.246361719577339	-1.06385967968546	-0.101535620565614
1.4024763437575	0.72564728176243	0.353776705611475	0.343805573298505	-0.270135005068573	-1.06945284103617	-0.0836417005429012
1.4024763437575	0.72564728176243	0.353776705611475	0.343805573298505	-0.270135005068573	-1.06945284103617	-0.0836417005429012
1.43440891625639	0.694878932362163	0.356824101011304	0.378367459137548	-0.288103348311158	-1.07324637715562	-0.0687207527001459
1.43440891625639	0.694878932362163	0.356824101011304	0.378367459137548	-0.288103348311158	-1.07324637715562	-0.0687207527001459
1.44752632896337	0.681893866899865	0.357549470957698	0.392687337887879	-0.294958621364743	-1.07458119031248	-0.0625908495929549
1.44752632896337	0.681893866899865	0.357549470957698	0.392687337887879	-0.294958621364743	-1.07458119031248	-0.0625908495929549
1.44752632896337	0.681893866899865	0.357549470957698	0.392687337887879	-0.294958621364743	-1.07458119031248	-0.0625908495929549
1.46603983729038	0.66324935684927	0.358024818522939	0.412997655596645	-0.304085628790803	-1.07624699778552	-0.053939189732136
1.48804607128415	0.640639835861417	0.357723703077229	0.437258848373927	-0.314068144601308	-1.07789866935488	-0.0436555584759204
1.51928716730382	0.607807388649226	0.35561298318852	0.471831067833865	-0.326555610556696	-1.07963844129022	-0.0290573726318232
1.55793634402283	0.566225212893712	0.350161206853958	0.514594684095205	-0.339162033842793	-1.08081988140955	-0.0109991730111644
1.55793634402283	0.566225212893712	0.350161206853958	0.514594684095205	-0.339162033842793	-1.08081988140955	-0.0109991730111644
1.55793634402283	0.566225212893712	0.350161206853958	0.514594684095205	-0.339162033842793	-1.08081988140955	-0.0109991730111644
1.55793634402283	0.566225212893712	0.350161206853958	0.514594684095205	-0.339162033842793	-1.08081988140955	-0.0109991730111644
1.55793634402283	0.566225212893712	0.350161206853958	0.514594684095205	-0.339162033842793	-1.08081988140955	-0.0109991730111644
1.55793634402283	0.566225212893712	0.350161206853958	0.514594684095205	-0.339162033842793	-1.08081988140955	-0.0109991730111644
1.55793634402283	0.566225212893712	0.350161206853958	0.514594684095205	-0.339162033842793	-1.08081988140955	-0.0109991730111644
1.56779560185025	0.55548440290386	0.348256339348726	0.525466139619703	-0.341863551639104	-1.08095052684561	-0.00639278770962182
1.5875141175051	0.533880446350738	0.343813773754345	0.547123763913881	-0.34663367682738	-1.08100419438948	0.0028199030730347
1.6164977048636	0.501913530707877	0.335752498899188	0.578667013717036	-0.352113995926307	-1.08058052825994	0.0163614970271197
1.6164977048636	0.501913530707877	0.335752498899188	0.578667013717036	-0.352113995926307	-1.08058052825994	0.0163614970271197
1.65151560933026	0.46314124452943	0.323609489056558	0.616126620391496	-0.356332887589098	-1.07926784840577	0.0327233985325402
1.65151560933026	0.46314124452943	0.323609489056558	0.616126620391496	-0.356332887589098	-1.07926784840577	0.0327233985325402
1.67218891895779	0.440266478789133	0.31523573804261	0.637811938639668	-0.357619328659462	-1.07807840070691	0.0423835906168531
1.67218891895779	0.440266478789133	0.31523573804261	0.637811938639668	-0.357619328659462	-1.07807840070691	0.0423835906168531
1.67218891895779	0.440266478789133	0.31523573804261	0.637811938639668	-0.357619328659462	-1.07807840070691	0.0423835906168531
1.67218891895779	0.440266478789133	0.31523573804261	0.637811938639668	-0.357619328659462	-1.07807840070691	0.0423835906168531
1.67218891895779	0.440266478789133	0.31523573804261	0.637811938639668	-0.357619328659462	-1.07807840070691	0.0423835906168531
1.69016356770303	0.420431283822651	0.307250887927627	0.656360399188007	-0.358034051243688	-1.07679166610902	0.0507831633160607
1.71049265162902	0.398093855920316	0.297456603920797	0.676956563115033	-0.357739845837022	-1.07505040193042	0.0602832419162255
1.74266424569587	0.363033194187456	0.280378763884597	0.708632062313256	-0.355695871662006	-1.07166523907407	0.0753171077774098
1.78256161974692	0.320191253982858	0.256711944995468	0.746178991988494	-0.350668531934589	-1.06637022814573	0.093956586939122
1.8279506019204	0.27248270301099	0.226812806754556	0.786333883949172	-0.341956496828708	-1.05881656868065	0.115143690074152
1.8776482087506	0.221611314600845	0.190998824584359	0.826975859673178	-0.329291853092654	-1.04858715549754	0.138293028508295
1.93101381420333	0.168541964019178	0.149672515984038	0.866640623880365	-0.312711920006578	-1.0351825685894	0.16303940402254
1.98796362815688	0.113455720355875	0.103133872547463	0.904454081753419	-0.292352477612117	-1.01790978222966	0.189218605064655
1.98796362815688	0.113455720355875	0.103133872547463	0.904454081753419	-0.292352477612117	-1.01790978222966	0.189218605064655
2.03681220944054	0.0671711242523001	0.0618550283370883	0.933291962937163	-0.27321997484575	-1.00046306682134	0.211364946508663
2.03681220944054	0.0671711242523001	0.0618550283370883	0.933291962937163	-0.27321997484575	-1.00046306682134	0.211364946508663
2.07390020000103	0.0324125497034579	0.0300100652385706	0.953066707513772	-0.257908598311602	-0.985479236478226	0.227898533073031
2.07390020000103	0.0324125497034579	0.0300100652385706	0.953066707513772	-0.257908598311602	-0.985479236478226	0.227898533073031
2.07499325611805	0.0313912960675153	0.0290674970211681	0.953622645588178	-0.25744874436129	-0.985013920905759	0.228381247340123
2.07717936835209	0.0293491762668172	0.0271818686487131	0.954729983084334	-0.256527681190818	-0.984079138579356	0.229345812542106
2.08155159282018	0.0252663687393631	0.0234087956427776	0.956926561711716	-0.254680221297566	-0.982192909635561	0.231271425654789
2.09029604175635	0.0171055366104777	0.0158565944528129	0.96124780168889	-0.250964654336635	-0.978353317396405	0.235108059883823
2.1077849396287	0.000795405785326761	0.000737625046924106	0.969606387085063	-0.243456220668796	-0.970401771792538	0.242718595621872
2.10863799333333	1.1936496660341E-08	-3.68966477661513E-08	0.970004525363856	-0.243087500276273	-0.970004516213971	0.243087537172921
