-3.14159265358979 -1 5.33948621473863 0
-3.078760800518 -0.708040462396159 3.95387450375644 -0.0532038257056152
-3.0159289474462 -0.50314147623131 2.56826279277425 -0.0907983805297786
-2.95309709437441 -0.385303041505455 1.18265108179206 -0.118253840248854
-2.89026524130261 -0.354525158218592 -0.202960629190128 -0.141040380639207
-2.82743338823081 -0.410807826370721 -1.58857234017232 -0.164628177477201
-2.76460153515902 -0.554151045961844 -2.97418405115451 -0.1944874065392
-2.70176968208722 -0.784554816991959 -4.3597957621367 -0.236088243601569
-2.63893782901543 -1.09558656030299 -5.0464753268302 -0.294861396542064
-2.57610597594363 -1.38124398869662 -4.04628302512305 -0.373002373189399
-2.51327412287183 -1.60405748134585 -3.0460907234159 -0.467117434937857
-2.45044226980004 -1.76402703825068 -2.04589842170876 -0.573257980850293
-2.38761041672824 -1.8611526594111 -1.04570612000161 -0.68747540998956
-2.32477856365645 -1.89543434482712 -0.0455138182944594 -0.805821121418512
-2.26194671058465 -1.86687209449873 0.954678483412689 -0.924346514200004
-2.19911485751285 -1.77546590842594 1.95487078511984 -1.03910298739689
-2.13628300444106 -1.62121578660874 2.95506308682698 -1.14614194007202
-2.07345115136926 -1.40412172904713 3.95525538853413 -1.24151477128826
-2.01061929829747 -1.12418373574113 4.95544769024128 -1.32127288010845
-1.94778744522567 -0.814968777600691 4.22121041105998 -1.38190075381785
-1.88495559215387 -0.606770968687824 2.40593167481696 -1.4259688224736
-1.82212373908208 -0.512630486614933 0.590652938573943 -1.46053865359075
-1.75929188601028 -0.532547331382019 -1.22462579766908 -1.49277668037108
-1.69646003293849 -0.666521502989082 -3.03990453391209 -1.52984933601635
-1.63362817986669 -0.914553001436121 -4.85518327015511 -1.57892305372834
-1.57079632679489 -1.22048081667394 -4.23232446686882 -1.64630184365062
-1.5079644737231 -1.43896676043429 -2.72229912224265 -1.73034763178536
-1.4451326206513 -1.56257501360639 -1.21227377761647 -1.82514062607928
-1.38230076757951 -1.59130557619026 0.297751567009699 -1.92471948541756
-1.31946891450771 -1.52515844818589 1.80777691163587 -2.02312286868537
-1.25663706143591 -1.36413362959328 3.31780225626204 -2.11438943476787
-1.19380520836412 -1.10823112041243 4.82782760088822 -2.19255784255023
-1.13097335529232 -0.798531646218084 4.36005296062919 -2.25223560723158
-1.06814150222053 -0.571120632860906 2.87866441723717 -2.2947771453146
-1.00530964914873 -0.436788006804377 1.39727587384516 -2.32595417179697
-0.942477796076935 -0.395533768048498 -0.0841126695468537 -2.35161497423372
-0.879645943005139 -0.447357916593266 -1.56550121293887 -2.3776078401799
-0.816814089933343 -0.592260452438683 -3.04688975633088 -2.40978105719052
-0.753982236861547 -0.830241375584749 -4.52827829972289 -2.45398291282063
-0.691150383789752 -1.14397464387181 -4.79060256512192 -2.51589752951254
-0.628318530717956 -1.40686108390555 -3.5773327155182 -2.59643354712312
-0.56548667764616 -1.59351553101255 -2.36406286591449 -2.69109230821899
-0.502654824574364 -1.7039379851928 -1.15079301631077 -2.79508401542121
-0.439822971502568 -1.73812844644632 0.0624768332929424 -2.90361887135085
-0.376991118430772 -1.6960869147731 1.27574668289666 -3.01190707862895
-0.314159265358977 -1.57781339017313 2.48901653250037 -3.11515883987657
-0.251327412287181 -1.38330787264643 3.70228638210409 -3.20858435771477
-0.188495559215385 -1.11257036219299 4.9155562317078 -3.28739383476462
-0.125663706143589 -0.781734059762797 5.33948621473863 -3.34701730305475
-0.0628318530717931 -0.44624424643946 5.33948621473863 -3.38559537931007
2.77555756156289E-15 -0.110754433116123 5.33948621473863 -3.40309400890758
0.0628318530717986 0.224735380207214 5.33948621473863 -3.39951319184728
0.125663706143595 0.560225193530552 5.33948621473863 -3.37485292812916
0.18849555921539 0.895715006853889 5.33948621473863 -3.32911321775322
0.251327412287186 1.21299973167959 4.49862295767774 -3.26255682658888
0.314159265358982 1.45732488176659 3.27848811392504 -3.17826469643173
0.376991118430778 1.62498669862313 2.05835327017234 -3.08102961398733
0.439822971502574 1.71598518224922 0.838218426419645 -2.97566847854522
0.50265482457437 1.73032033264487 -0.381916417333055 -2.86699818939492
0.565486677646165 1.66799214981007 -1.60205126108575 -2.75983564582596
0.628318530717961 1.52900063374482 -2.82218610483845 -2.65899774712788
0.691150383789757 1.31334578444912 -4.04232094859115 -2.5693013925902
0.753982236861553 1.02102760192298 -5.26245579234385 -2.49556348150245
0.816814089933349 0.730298086739181 -3.82390186231381 -2.44106547567234
0.879645943005145 0.540857265330675 -2.20618676779674 -2.40166315944988
0.94247779607694 0.453060481052891 -0.588471673279673 -2.37097051948066
1.00530964914874 0.46690773390583 1.02924342123739 -2.34260107255804
1.06814150222053 0.582399023889492 2.64695851575446 -2.31016833547541
1.13097335529233 0.799534351003877 4.26467361027153 -2.26728582502614
1.19380520836412 1.10809814866952 4.91345784038593 -2.20763886071893
1.25663706143592 1.37693857447095 3.64399869345976 -2.12915149426629
1.31946891450772 1.56601652967208 2.37453954653359 -2.03627819759664
1.38230076757951 1.67533201427289 1.10508039960742 -1.93403059454337
1.44513262065131 1.70488502827339 -0.16437874731875 -1.8274203089399
1.5079644737231 1.65467557167357 -1.43383789424492 -1.72145896461962
1.5707963267949 1.52470364447345 -2.70329704117109 -1.62115818541593
1.6336281798667 1.31496924667301 -3.97275618809726 -1.53152959516224
1.69646003293849 1.02547237827226 -5.24221533502344 -1.45758481769196
1.75929188601029 0.726920899643318 -4.07420502699236 -1.4029680473217
1.82212373908208 0.513979573722668 -2.70392789477037 -1.36443481231923
1.88495559215388 0.387135299241433 -1.33365076254838 -1.33657625677695
1.94778744522568 0.346388076199611 0.0366263696736038 -1.3139827434089
2.01061929829747 0.391737904597203 1.40690350189559 -1.29124463492911
2.07345115136927 0.523184784434208 2.77718063411757 -1.26295229405163
2.13628300444106 0.740728715710628 4.14745776633956 -1.22369608349052
2.19911485751286 1.04302450363801 5.18856707059375 -1.16807003085628
2.26194671058466 1.33258357074912 4.02838429896835 -1.09305641728028
2.32477856365645 1.54924620441703 2.86820152734295 -1.00213937994173
2.38761041672825 1.69301240464175 1.70801875571755 -0.899899136836198
2.45044226980004 1.76388217142327 0.547835984092149 -0.790915905959232
2.51327412287184 1.76185550476159 -0.61234678753325 -0.679769905306397
2.57610597594363 1.68693240465671 -1.77252955915865 -0.571041352873255
2.63893782901543 1.53911287110865 -2.93271233078405 -0.469310466655367
2.70176968208723 1.31839690411738 -4.09289510240945 -0.379157464648292
2.76460153515902 1.02478450368292 -5.25307787403485 -0.305162564847593
2.82743338823082 0.737995114662051 -3.67151131010821 -0.250360696916336
2.89026524130261 0.563925022725045 -1.86931180513881 -0.210052569396773
2.95309709437441 0.50309046529034 -0.0671123001694145 -0.177124189084812
3.01592894744621 0.555491442357935 1.73508720479999 -0.144460757514099
3.078760800518 0.721127953927831 3.53728670976939 -0.10494747621828
3.14159265358979 1 5.33948621473863 -0.0514695467310032
