-3.141592653589793 0
-2.6573447063989803 -0.46554290539083926
-1.9864940854719508 -0.9148347684749945
-1.6168651060484576 -0.9989390214547211
-1.1725151956085202 -0.9217289920757048
-0.7195755332628825 -0.6590654960549308
-0.16654141075020845 -0.16577261111813363
0.20802646330467384 0.2065293152401019
0.7579489821821613 0.6874333455463318
1.1727189431727154 0.9218079932952218
1.701274453030094 0.9914997988947349
2.1909415509248396 0.8137940677548074
2.7692811393559302 0.3637695519028844
3.141592653589793 0