-3.14159265358979 0 -1.00632195304949 0
-3.11001885807633 -0.0316808687210043 -1.00046045659102 -0.000500629581390145
-3.07844506256286 -0.0631766677514258 -0.994598960132548 -0.00199862275718311
-3.0468712670494 -0.0944873970912646 -0.988737463674076 -0.00448813617481271
-3.01529747153593 -0.125613056740521 -0.982875967215603 -0.00796332648171273
-2.98372367602247 -0.156553646699194 -0.977014470757131 -0.012418350325317
-2.952149880509 -0.187309166967285 -0.971152974298658 -0.0178473643530592
-2.92057608499554 -0.217879617544793 -0.965291477840186 -0.0242445252123734
-2.88900228948207 -0.248264998431718 -0.959429981381713 -0.0316039895506931
-2.85742849396861 -0.278465309628061 -0.953568484923241 -0.0399199140154523
-2.82585469845514 -0.308480551133821 -0.947706988464768 -0.0491864552540847
-2.79428090294168 -0.338310722948998 -0.941845492006296 -0.0593977699140241
-2.76270710742821 -0.367955825073592 -0.935983995547823 -0.0705480146427044
-2.73113331191475 -0.397415857507604 -0.930122499089351 -0.0826313460875593
-2.69955951640128 -0.426690820251033 -0.924261002630878 -0.0956419208960226
-2.66798572088782 -0.455780713303879 -0.918399506172406 -0.109573895715528
-2.63641192537435 -0.484565078772825 -0.901028990135858 -0.124420586687275
-2.60483812986089 -0.512647395744874 -0.877807954575007 -0.140165407160584
-2.57326433434742 -0.539996536488514 -0.854586919014155 -0.156785318389356
-2.54169053883395 -0.566612501003744 -0.831365883453304 -0.174257171217282
-2.51011674332049 -0.592495289290565 -0.808144847892452 -0.19255781648805
-2.47854294780702 -0.617644901348977 -0.784923812331601 -0.211664105045349
-2.44696915229356 -0.64206133717898 -0.761702776770749 -0.231552887732867
-2.41539535678009 -0.665744596780574 -0.738481741209897 -0.252201015394294
-2.38382156126663 -0.688694680153758 -0.715260705649046 -0.273585338873318
-2.35224776575316 -0.710911587298533 -0.692039670088194 -0.295682709013629
-2.3206739702397 -0.732395318214899 -0.668818634527343 -0.318469976658915
-2.28910017472623 -0.753145872902856 -0.645597598966491 -0.341923992652865
-2.25752637921277 -0.773163251362403 -0.62237656340564 -0.366021607839168
-2.2259525836993 -0.792447453593542 -0.599155527844788 -0.390739673061513
-2.19437878818584 -0.810998479596271 -0.575934492283936 -0.416055039163588
-2.16280499267237 -0.828816329370591 -0.552713456723085 -0.441944556989083
-2.13123119715891 -0.845901002916501 -0.529492421162233 -0.468385077381687
-2.09965740164544 -0.862252500234002 -0.506271385601382 -0.495353451185088
-2.06808360613198 -0.877870821323095 -0.48305035004053 -0.522826529242975
-2.03650981061851 -0.892755966183777 -0.459829314479678 -0.550781162399037
-2.00493601510505 -0.906907934816051 -0.436608278918827 -0.579194201496963
-1.97336221959158 -0.92029892817866 -0.409153413754643 -0.608042375696015
-1.94178842407812 -0.932690160863688 -0.375752707509344 -0.637298099765439
-1.91021462856465 -0.944026806479721 -0.342352001264046 -0.666928413423588
-1.87864083305119 -0.954308865026761 -0.308951295018747 -0.696900019353991
-1.84706703753772 -0.963536336504806 -0.275550588773449 -0.727179620240182
-1.81549324202426 -0.971709220913857 -0.242149882528151 -0.757733918765694
-1.78391944651079 -0.978827518253913 -0.208749176282852 -0.788529617614058
-1.75234565099733 -0.984891228524975 -0.175348470037554 -0.819533419468808
-1.72077185548386 -0.989900351727042 -0.141947763792256 -0.850712027013475
-1.6891980599704 -0.993854887860115 -0.108547057546957 -0.882032142931593
-1.65762426445693 -0.996754836924194 -0.0751463513016589 -0.913460469906693
-1.62605046894346 -0.998600198919279 -0.0417456450563605 -0.944963710622307
-1.59447667343 -0.999423959855653 -0.0112916399800528 -0.976508813930325
-1.56290287791653 -0.999318791109915 0.0179534140257809 -1.00806519092581
-1.53132908240307 -0.998290245009216 0.0471984680316146 -1.03960367008093
-1.4997552868896 -0.996338321553557 0.0764435220374484 -1.0710950968679
-1.46818149137614 -0.993463020742937 0.105688576043282 -1.10251031675892
-1.43660769586267 -0.989664342577357 0.134933630049116 -1.13382017522622
-1.40503390034921 -0.984942287056816 0.16417868405495 -1.16499551774201
-1.37346010483574 -0.979296854181315 0.193423738060783 -1.19600718977849
-1.34188630932228 -0.972728043950854 0.222668792066617 -1.22682603680788
-1.31031251380881 -0.965235856365432 0.251913846072451 -1.25742290430239
-1.27873871829535 -0.956820291425049 0.281158900078284 -1.28776863773424
-1.24716492278188 -0.947481349129707 0.310403954084118 -1.31783408257564
-1.21559112726842 -0.937219029479403 0.339649008089952 -1.3475900842988
-1.18401733175495 -0.92603333247414 0.368894062095786 -1.37700748837593
-1.15244353624149 -0.913932624304985 0.397305483872551 -1.4060571962537
-1.12086974072802 -0.900947195642625 0.425239189720631 -1.4347108390152
-1.08929594521456 -0.887079793863884 0.453172895568711 -1.46294055888806
-1.05772214970109 -0.872330418968762 0.48110660141679 -1.49071850863343
-1.02614835418763 -0.85669907095726 0.50904030726487 -1.51801684101251
-0.994574558674161 -0.840185749829377 0.53697401311295 -1.54480770878645
-0.963000763160696 -0.822790455585114 0.56490771896103 -1.57106326471645
-0.931426967647231 -0.80451318822447 0.59284142480911 -1.59675566156366
-0.899853172133765 -0.785353947747445 0.620775130657189 -1.62185705208927
-0.8682793766203 -0.76531273415404 0.648708836505269 -1.64633958905446
-0.836705581106835 -0.744389547444255 0.676642542353349 -1.67017542522039
-0.805131785593369 -0.722584387618088 0.704576248201429 -1.69333671334825
-0.773557990079904 -0.699897254675542 0.732509954049509 -1.71579560619921
-0.741984194566439 -0.676328148616614 0.760443659897588 -1.73752425653443
-0.710410399052974 -0.651897260207627 0.783971371058014 -1.7584948787988
-0.678836603539508 -0.626942945016697 0.796726469357606 -1.77868485800052
-0.647262808026043 -0.601585902960302 0.809481567657199 -1.79808057694937
-0.615689012512578 -0.575826134038442 0.822236665956792 -1.81666932002966
-0.584115216999112 -0.549663638251116 0.834991764256384 -1.83443837162568
-0.552541421485647 -0.523098415598324 0.847746862555977 -1.85137501612175
-0.520967625972182 -0.496130466080067 0.86050196085557 -1.86746653790215
-0.489393830458717 -0.468759789696345 0.873257059155162 -1.8827002213512
-0.457820034945251 -0.440986386447157 0.886012157454755 -1.8970633508532
-0.426246239431786 -0.412810256332504 0.898767255754348 -1.91054321079245
-0.394672443918321 -0.384231399352385 0.91152235405394 -1.92312708555324
-0.363098648404855 -0.355249815506801 0.924277452353533 -1.93480225951989
-0.33152485289139 -0.325865504795751 0.937032550653126 -1.94555601707669
-0.299951057377925 -0.296078467219235 0.949787648952718 -1.95537564260795
-0.26837726186446 -0.265888702777254 0.962542747252311 -1.96424842049797
-0.236803466350994 -0.235296211469808 0.975297845551904 -1.97216163513104
-0.205229670837529 -0.204300993296896 0.988052943851496 -1.97910257089148
-0.173655875324064 -0.172903048258519 1.00080804215109 -1.98505851216359
-0.142082079810599 -0.141238761195494 1.00241117221782 -1.99001785529231
-0.110508284297133 -0.109614736334442 1.00077053886693 -1.99397791751349
-0.078934488783668 -0.0780425124953242 0.999129905516044 -1.99694030701784
-0.0473606932702027 -0.0465220896781395 0.997489272165155 -1.99890665936022
-0.0157868977567375 -0.0150534678828884 0.995848638814266 -1.99987861009551
0.0157868977567278 0.0163633528904292 0.994208005463377 -1.99985779477858
0.047360693270193 0.0477283726418132 0.992567372112487 -1.99884584896431
0.0789344887836583 0.0790415913712637 0.990926738761598 -1.99684440820757
0.110508284297124 0.110303009078781 0.989286105410709 -1.99385510806324
0.142082079810589 0.141512625764364 0.98764547205982 -1.98987958408619
0.173655875324054 0.172670441428014 0.986004838708931 -1.98491947183128
0.205229670837519 0.20377645606973 0.984364205358041 -1.97897640685341
0.236803466350985 0.234686952934577 0.972735266087724 -1.9720534032866
0.26837726186445 0.265200987339734 0.960135578796491 -1.96416067675985
0.299951057377915 0.295317201794824 0.947535891505258 -1.95531078669338
0.33152485289138 0.325035596299846 0.934936204214026 -1.94551629377295
0.363098648404846 0.354356170854802 0.922336516922793 -1.9347897586843
0.394672443918311 0.38327892545969 0.90973682963156 -1.92314374211319
0.426246239431776 0.411803860114512 0.897137142340327 -1.91059080474538
0.457820034945242 0.439930974819266 0.884537455049094 -1.89714350726662
0.489393830458707 0.467660269573954 0.871937767757861 -1.88281441036266
0.520967625972172 0.494991744378575 0.859338080466629 -1.86761607471927
0.552541421485637 0.521925399233128 0.846738393175396 -1.85156106102219
0.584115216999103 0.548461234137615 0.834138705884163 -1.83466192995718
0.615689012512568 0.574599249092035 0.82153901859293 -1.81693124220999
0.647262808026033 0.600339444096387 0.808939331301697 -1.79838155846639
0.678836603539499 0.625681819150673 0.796339644010464 -1.77902543941211
0.710410399052964 0.650626374254891 0.783739956719232 -1.75887544573292
0.741984194566429 0.675173109409043 0.771140269427999 -1.73794413811458
0.773557990079894 0.699253332593627 0.749738995264572 -1.71624443464759
0.80513178559336 0.722445461725698 0.719335517628854 -1.69379769536034
0.836705581106825 0.744677637672 0.688932039993137 -1.67063384721314
0.86827937662029 0.765949860432533 0.658528562357419 -1.64678319957159
0.899853172133756 0.786262130007298 0.628125084721701 -1.62227606180127
0.931426967647221 0.805614446396295 0.597721607085984 -1.59714274326779
0.963000763160686 0.824006809599524 0.567318129450266 -1.57141355333672
0.994574558674151 0.841439219616984 0.536914651814548 -1.54511880137365
1.02614835418762 0.857911676448676 0.506511174178831 -1.51828879674419
1.05772214970108 0.873424180094599 0.476107696543113 -1.49095384881391
1.08929594521455 0.887976730554754 0.445704218907396 -1.4631442669484
1.12086974072801 0.901569327829141 0.415300741271678 -1.43489036051327
1.15244353624148 0.914201971917759 0.384897263635961 -1.40622243887409
1.18401733175494 0.925879725426502 0.355389950237492 -1.37717079233003
1.21559112726841 0.936660294628542 0.32749083914639 -1.34776474573633
1.24716492278187 0.946559983001984 0.299591728055287 -1.31803222203071
1.27873871829534 0.955578790546829 0.271692616964184 -1.28800103396432
1.3103125138088 0.963716717263075 0.243793505873081 -1.2576989942883
1.34188630932227 0.970973763150724 0.215894394781979 -1.22715391575382
1.37346010483573 0.977349928209774 0.187995283690876 -1.19639361111203
1.4050339003492 0.982845212440227 0.160096172599773 -1.16544589311408
1.43660769586266 0.987459615842081 0.13219706150867 -1.13433857451113
1.46818149137613 0.991193138415338 0.104297950417568 -1.10309946805433
1.49975528688959 0.994045780159997 0.0763988393264649 -1.07175638649483
1.53132908240306 0.996017541076058 0.0484997282353621 -1.04033714258379
1.56290287791652 0.997108421163521 0.0206006171442594 -1.00886954907236
1.59447667342999 0.997318420422386 -0.00729849394684334 -0.9773814187117
1.62605046894345 0.996647538852653 -0.0351976050379461 -0.945900564252957
1.65762426445692 0.995095776454322 -0.0630967161290488 -0.914454798447287
1.68919805997039 0.992663133227394 -0.0909958272201516 -0.883071934045845
1.72077185548385 0.989314746989846 -0.122471023084933 -0.851780010373781
1.75234565099732 0.984916008711235 -0.156161191197645 -0.820610232461804
1.78391944651078 0.979453543953819 -0.189851359310357 -0.789596132353916
1.81549324202425 0.972927352717598 -0.223541527423069 -0.758771295932439
1.84706703753771 0.965337435002572 -0.25723169553578 -0.728169309079699
1.87864083305118 0.956683790808741 -0.290921863648492 -0.697823757678019
1.91021462856464 0.946966420136105 -0.324612031761204 -0.667768227609723
1.94178842407811 0.936185322984664 -0.358302199873915 -0.638036304757136
1.97336221959157 0.924340499354417 -0.391992367986627 -0.608661575002581
2.00493601510504 0.911431949245366 -0.425682536099339 -0.579677624228383
2.0365098106185 0.89745967265751 -0.45937270421205 -0.551118038316865
2.06808360613197 0.882423669590848 -0.493062872324762 -0.523016403150351
2.09965740164543 0.866323940045382 -0.526753040437474 -0.495406304611167
2.1312311971589 0.849160484021111 -0.560443208550186 -0.468321328581635
2.16280499267236 0.830933301518034 -0.594133376662897 -0.441795060944079
2.19437878818583 0.81164555030202 -0.625986158743001 -0.415861083962828
2.22595258369929 0.791615377333421 -0.64279845475439 -0.390549170932999
2.25752637921276 0.771054376368447 -0.659610750765779 -0.365878066615885
2.28910017472622 0.749962547407097 -0.676423046777169 -0.341864531266096
2.32067397023969 0.728339890449372 -0.693235342788558 -0.318525325138243
2.35224776575315 0.706186405495271 -0.710047638799947 -0.295877208486937
2.38382156126662 0.683502092544795 -0.726859934811337 -0.273936941566787
2.41539535678008 0.660286951597944 -0.743672230822726 -0.252721284632404
2.44696915229355 0.636540982654717 -0.760484526834115 -0.232246997938398
2.47854294780701 0.612264185715115 -0.777296822845504 -0.21253084173938
2.51011674332048 0.587456560779137 -0.794109118856894 -0.19358957628996
2.54169053883395 0.562118107846783 -0.810921414868283 -0.175439961844749
2.57326433434741 0.536248826918055 -0.827733710879672 -0.158098758658356
2.60483812986088 0.509848717992951 -0.844546006891062 -0.141582726985393
2.63641192537434 0.482917781071471 -0.861358302902451 -0.12590862708047
2.66798572088781 0.455456016153616 -0.87817059891384 -0.111093219198196
2.69955951640127 0.427463423239385 -0.89498289492523 -0.0971532635931829
2.73113331191474 0.398940002328779 -0.911795190936619 -0.0841055205200405
2.7627071074282 0.369885753421798 -0.928607486948008 -0.0719667502333793
2.79428090294167 0.340391617749742 -0.938144415655244 -0.0607529551513821
2.82585469845513 0.310650482118589 -0.945768186392827 -0.0504743867377792
2.8574284939686 0.280668635109126 -0.95339195713041 -0.0411386589448508
2.88900228948206 0.250446076721354 -0.961015727867994 -0.0327533719444335
2.92057608499553 0.219982806955271 -0.968639498605578 -0.0253261259083637
2.95214988050899 0.189278825810878 -0.976263269343161 -0.018864521008478
2.98372367602246 0.158334133288175 -0.983887040080744 -0.013376157416613
3.01529747153592 0.127148729387162 -0.991510810818328 -0.00886863530460509
3.04687126704939 0.0957226141078388 -0.999134581555912 -0.00534955484429083
3.07844506256285 0.0640557874502059 -1.0067583522935 -0.00282651620750678
3.11001885807632 0.032148249414263 -1.01438212303108 -0.00130711956608944
3.14159265358979 6.93889390390723E-18 -1.02200589376866 -0.000798965091875329
