-1 0.353221603564303
-0.992 0.351683598866069
-0.984 0.34977011301239
-0.976 0.347457769500004
-0.968 0.344722717109044
-0.96 0.341540754447668
-0.952 0.337887458314091
-0.944 0.333738315642559
-0.936 0.329068858821382
-0.928 0.323854804186388
-0.92 0.318072193501413
-0.912 0.311697538238025
-0.904 0.304707966459171
-0.896 0.297081372095598
-0.888 0.288796566379484
-0.88 0.279833431166828
-0.872 0.270173073839002
-0.864 0.259797983424711
-0.856 0.24869218752716
-0.848 0.236841409578006
-0.84 0.224233225870686
-0.832 0.210857221751922
-0.824 0.196705146272818
-0.816 0.181771064521272
-0.808 0.166051506776916
-0.8 0.149545613549976
-0.792 0.132255275488022
-0.784 0.114185267061177
-0.776 0.0953433728688748
-0.768 0.0757405053513111
-0.76 0.0553908126382712
-0.752 0.0343117752286202
-0.744 0.01252429016717
-0.736 -0.00994725862660746
-0.728 -0.0330749452200518
-0.72 -0.0568272630405149
-0.712 -0.0811691040433497
-0.704 -0.106061756900477
-0.696 -0.131462925358774
-0.688 -0.157326767821458
-0.68 -0.183603959090215
-0.672 -0.210241775071403
-0.664 -0.237184201097122
-0.656 -0.264372064342317
-0.648 -0.29174319063386
-0.64 -0.319232585748536
-0.632 -0.346772641085969
-0.624 -0.374293363382151
-0.616 -0.401722627901759
-0.608 -0.428986454315426
-0.6 -0.45600930423427
-0.592 -0.482714399140675
-0.584 -0.509024057224226
-0.576 -0.534860047406844
-0.568 -0.560143958623642
-0.56 -0.584797582217262
-0.552 -0.608743305104713
-0.544 -0.631904511187492
-0.536 -0.654205988298347
-0.528 -0.67557433781103
-0.52 -0.695938383882053
-0.512 -0.7152295791449
-0.504 -0.733382403536006
-0.496 -0.750334752797233
-0.488 -0.76602831307058
-0.48 -0.780408917877471
-0.472 -0.793426883657922
-0.464 -0.805037319936419
-0.456 -0.815200410085164
-0.448 -0.823881658577406
-0.44 -0.831052100571865
-0.432 -0.836688469654292
-0.424 -0.840773319597148
-0.416 -0.843295096098378
-0.408 -0.844248154643098
-0.4 -0.8436327209165
-0.392 -0.841454790602459
-0.384 -0.837725965949768
-0.376 -0.832463227194885
-0.368 -0.825688637811919
-0.36 -0.817428983628016
-0.352 -0.807715347100084
-0.344 -0.796582619493392
-0.336 -0.784068955321093
-0.328 -0.770215175172328
-0.32 -0.755064124939078
-0.312 -0.738660001399955
-0.304 -0.721047656071474
-0.296 -0.702271891120995
-0.288 -0.682376762867548
-0.28 -0.661404909886108
-0.272 -0.639396923882282
-0.264 -0.616390782222166
-0.256 -0.592421361194793
-0.248 -0.567520048670692
-0.24 -0.541714473732905
-0.232 -0.515028369050709
-0.224 -0.487481579221195
-0.216 -0.459090225030174
-0.208 -0.429867029625407
-0.2 -0.399821808031607
-0.192 -0.368962116383355
-0.184 -0.337294051858893
-0.176 -0.304823188745042
-0.168 -0.271555630556796
-0.16 -0.237499152897331
-0.152 -0.202664407006421
-0.144 -0.167066149936431
-0.136 -0.130724464230377
-0.128 -0.0936659280460637
-0.12 -0.0559246960278127
-0.112 -0.0175434519800283
-0.104 0.0214258034023689
-0.096 0.0609211628509259
-0.088 0.100870448983562
-0.08 0.141191098761791
-0.072 0.181790310522563
-0.0639999999999999 0.222565460099087
-0.0559999999999999 0.263404783990669
-0.0479999999999999 0.304188318821778
-0.04 0.344789077788638
-0.032 0.38507443677189
-0.024 0.424907695625699
-0.016 0.464149774135203
-0.00800000000000001 0.502660997517549
0 0.540302923320757
0.00800000000000001 0.576940160274766
0.016 0.6124421301212
0.024 0.646684725682867
0.032 0.679551827380572
0.04 0.710937339498763
0.048 0.740788196297955
0.056 0.770107087869568
0.0640000000000001 0.809167888762154
0.0720000000000001 0.882858720173157
0.0800000000000001 0.937183560707927
0.0880000000000001 0.853685388489151
0.0960000000000001 0.785234687429782
0.104 0.845359200310202
0.112 0.904220419541835
0.12 0.927079528200644
0.128 0.939178856811167
0.136 0.948636967396997
0.144 0.956219486522918
0.152 0.961986491647431
0.16 0.96597654304281
0.168 0.96823077477732
0.176 0.968792296808595
0.184 0.967705325257607
0.192 0.965014428844352
0.2 0.960763903761108
0.208 0.954997281790396
0.216 0.947756971718497
0.224 0.939084029799573
0.232 0.929018051301523
0.24 0.917597172095149
0.248 0.904858166880084
0.256 0.890836628987217
0.264 0.875567215740217
0.272 0.859083943053998
0.28 0.841420513229703
0.288 0.822610660692406
0.296 0.802688501617169
0.304 0.781688874904362
0.312 0.759647663699343
0.32 0.736602088511981
0.328 0.712590964893204
0.336 0.687654920494334
0.344 0.661836568108123
0.352 0.635180632918997
0.36 0.607734033638194
0.368 0.579545918444176
0.376 0.550667657678598
0.384 0.521152796062394
0.392 0.491056967802887
0.4 0.46043777837597
0.408 0.429354657007127
0.416 0.397868683964336
0.424 0.366042396739652
0.432 0.333939579059501
0.44 0.301625036450869
0.448 0.269164361824144
0.456 0.236623694233615
0.464 0.204069473660978
0.472 0.171568194350026
0.48 0.13918615891346
0.488 0.106989235143893
0.496 0.0750426171964217
0.504 0.0434105925731228
0.512 0.0121563161318057
0.52 -0.0186584078378327
0.528 -0.0489733345793868
0.536 -0.0787299781120132
0.544 -0.107871800090751
0.552 -0.136344387712605
0.56 -0.164095620167942
0.568 -0.191075823196997
0.576 -0.217237911363246
0.584 -0.242537517701826
0.592 -0.266933110444605
0.6 -0.290386096565994
0.608 -0.312860911936715
0.616 -0.33432509791779
0.624 -0.354749364274699
0.632 -0.37410763834257
0.64 -0.392377100427412
0.648 -0.409538205485786
0.656 -0.425574691185491
0.664 -0.440473572512385
0.672 -0.454225123152623
0.68 -0.466822843944711
0.688 -0.478263418760953
0.696 -0.488546658242379
0.704 -0.497675431874049
0.712 -0.505655588948198
0.72 -0.512495869019881
0.728 -0.518207802513196
0.736 -0.522805602184912
0.744 -0.526306046195895
0.752 -0.528728353578664
0.76 -0.530094052921158
0.768 -0.530426845112173
0.776 -0.529752461012595
0.784 -0.528098514928445
0.792 -0.525494354766722
0.8 -0.521970909753219
0.808 -0.517560536582939
0.816 -0.512296864858671
0.824 -0.506214642651972
0.832 -0.499349582993631
0.84 -0.491738212067933
0.848 -0.483417719847298
0.856 -0.474425813861551
0.864 -0.464800576749718
0.872 -0.454580328192459
0.88 -0.443803491770523
0.888 -0.432508467239701
0.896 -0.420733508656036
0.904 -0.408516608727325
0.912 -0.395895389708713
0.92 -0.382907001101942
0.928 -0.369588024360231
0.936 -0.355974384744296
0.944 -0.342101270420075
0.952 -0.328003058835882
0.96 -0.313713250366219
0.968 -0.299264409161783
0.976 -0.284688111100547
0.984 -0.270014898693425
0.992 -0.255274242760125
1 -0.240494510656495
