-1 0.353203192633346
-0.992 0.354340513160267
-0.984 0.35480537704664
-0.976 0.354577714679083
-0.968 0.353638425472611
-0.96 0.3519694465937
-0.952 0.349553821650119
-0.944 0.346375769317184
-0.936 0.342420751851215
-0.928 0.337675543417979
-0.92 0.33212829813722
-0.912 0.325768617714422
-0.904 0.318587618498285
-0.896 0.31057799776769
-0.888 0.301734099015918
-0.88 0.29205197596335
-0.872 0.281529454993659
-0.864 0.270166195673514
-0.856 0.257963748982863
-0.848 0.244925612852873
-0.84 0.231057284582387
-0.832 0.216366309682059
-0.824 0.200862326678902
-0.816 0.18455710740337
-0.808 0.167464592276887
-0.8 0.14960092012017
-0.792 0.130984452012161
-0.784 0.111635788745866
-0.776 0.0915777814509594
-0.768 0.0708355349833012
-0.76 0.04943640371844
-0.752 0.0274099794289976
-0.744 0.00478807097418699
-0.736 -0.0183953244172571
-0.728 -0.0421040584324631
-0.72 -0.066299877629835
-0.712 -0.0909424781040609
-0.704 -0.115989568837019
-0.696 -0.141396943647457
-0.688 -0.167118561589719
-0.68 -0.193106635590996
-0.672 -0.219311729058376
-0.664 -0.245682860132348
-0.656 -0.272167613212914
-0.648 -0.298712257338852
-0.64 -0.325261870960403
-0.632 -0.351760472611061
-0.624 -0.378151156955572
-0.616 -0.4043762356687
-0.608 -0.430377382582846
-0.6 -0.456095782532062
-0.592 -0.481472283315022
-0.584 -0.506447550199883
-0.576 -0.530962222399047
-0.568 -0.554957070951207
-0.56 -0.578373157461022
-0.552 -0.601151993162755
-0.544 -0.623235697792447
-0.536 -0.644567157773125
-0.528 -0.665090183238434
-0.52 -0.684749663441325
-0.512 -0.703491720115477
-0.504 -0.7212638583775
-0.496 -0.738015114777164
-0.488 -0.753696202120696
-0.48 -0.768259650708272
-0.472 -0.781659945641111
-0.464 -0.793853659866007
-0.456 -0.804799582635767
-0.448 -0.814458843073051
-0.44 -0.822795028532714
-0.432 -0.829774297464314
-0.424 -0.835365486482271
-0.416 -0.839540211356719
-0.408 -0.842272961643795
-0.4 -0.843541188680421
-0.392 -0.843325386675994
-0.384 -0.841609166642269
-0.376 -0.838379322913419
-0.368 -0.83362589202122
-0.36 -0.827342203705643
-0.352 -0.819524923859247
-0.344 -0.810174089224483
-0.336 -0.799293133686603
-0.328 -0.786888906031046
-0.32 -0.772971679062796
-0.312 -0.757555150016052
-0.304 -0.740656432215149
-0.296 -0.722296037981648
-0.288 -0.702497852817252
-0.28 -0.681289100927277
-0.272 -0.658700302184036
-0.264 -0.634765220663194
-0.256 -0.609520804918168
-0.248 -0.583007120187525
-0.24 -0.555267272757324
-0.232 -0.526347326724097
-0.224 -0.496296213424204
-0.216 -0.465165633811182
-0.208 -0.433009954074438
-0.2 -0.399886094799838
-0.192 -0.365853413975658
-0.184 -0.330973584146021
-0.176 -0.295310464008676
-0.168 -0.258929964745176
-0.16 -0.221899911359773
-0.152 -0.184289899289265
-0.144 -0.146171146530405
-0.136 -0.107616341515133
-0.128 -0.068699486947724
-0.12 -0.0294957398028881
-0.112 0.0099187523291541
-0.104 0.0494670183745819
-0.096 0.0890714342150096
-0.088 0.128653896265233
-0.08 0.168135998017355
-0.072 0.20743920936907
-0.0639999999999999 0.246485058537597
-0.0559999999999999 0.285195316337787
-0.0479999999999999 0.323492182573236
-0.04 0.361298474252936
-0.032 0.39853781530341
-0.024 0.435134827397947
-0.016 0.471015321471288
-0.00800000000000001 0.506106489430745
0 0.540337095514548
0.00800000000000001 0.573637666686373
0.016 0.60594068139301
0.024 0.637180755951594
0.032 0.667294827775141
0.04 0.696222334592354
0.048 0.723905388770961
0.056 0.750288945815347
0.0640000000000001 0.775320966080048
0.0720000000000001 0.798952568722472
0.0800000000000001 0.821138176912167
0.0880000000000001 0.841835653321027
0.0960000000000001 0.861006424939971
0.104 0.878615596303276
0.112 0.894632050252163
0.12 0.909028535434474
0.128 0.921781739816777
0.136 0.93287234957853
0.144 0.942285092863865
0.152 0.950008767983844
0.16 0.956036255789242
0.168 0.960364516068901
0.176 0.962994567969775
0.184 0.963931454579379
0.192 0.963184191957259
0.2 0.960765703046825
0.208 0.956692737039871
0.216 0.950985774900858
0.224 0.94366892188424
0.232 0.934769787993285
0.24 0.924319357431038
0.248 0.912351848181332
0.256 0.898904562928377
0.264 0.88401773257628
0.272 0.867734353663751
0.28 0.850100020983698
0.288 0.831162756712146
0.296 0.810972837326106
0.304 0.789582619546185
0.312 0.767046366477795
0.32 0.743420075046104
0.328 0.718761305725975
0.336 0.693129015460914
0.344 0.666583394546821
0.352 0.639185708129338
0.36 0.610998142830521
0.368 0.582083658883985
0.376 0.552505848020364
0.384 0.522328797209647
0.392 0.491616958236218
0.4 0.460435022958971
0.408 0.428847803994897
0.416 0.396920120462296
0.424 0.36471668833116
0.432 0.332302014854759
0.44 0.299740296499548
0.448 0.267095319750855
0.456 0.234430364150163
0.464 0.201808106916201
0.472 0.169290528516402
0.48 0.136938818586959
0.488 0.104813281647836
0.496 0.0729732421224195
0.504 0.0414769482485078
0.512 0.010381474556304
0.52 -0.0202573773121013
0.528 -0.0503851795606408
0.536 -0.0799489809814037
0.544 -0.108897411372663
0.552 -0.137180787408624
0.56 -0.164751219622569
0.568 -0.191562720054912
0.576 -0.217571310013726
0.584 -0.242735127299605
0.592 -0.267014532161126
0.6 -0.290372211173356
0.608 -0.312773278171145
0.616 -0.334185371322583
0.624 -0.354578745396691
0.632 -0.373926358263866
0.64 -0.392203950667955
0.648 -0.409390118325152
0.656 -0.425466375436797
0.664 -0.440417208750169
0.672 -0.454230121362503
0.68 -0.466895665537839
0.688 -0.47840746389256
0.696 -0.48876221840223
0.704 -0.497959706788
0.712 -0.506002765953737
0.72 -0.512897262263424
0.728 -0.518652048570409
0.736 -0.52327890803398
0.744 -0.526792484882754
0.752 -0.529210202406598
0.76 -0.530552168577799
0.768 -0.530841069816147
0.776 -0.530102053520272
0.784 -0.52836260008749
0.792 -0.525652385235518
0.8 -0.522003133520688
0.808 -0.517448464017908
0.816 -0.51202372918695
0.824 -0.505765847997297
0.832 -0.498713134419335
0.84 -0.490905122413271
0.848 -0.482382388558599
0.856 -0.473186373466706
0.864 -0.463359203107491
0.872 -0.452943511158333
0.88 -0.441982263450919
0.888 -0.430518585549139
0.896 -0.418595594440278
0.904 -0.406256235262987
0.912 -0.393543123929963
0.92 -0.380498396431949
0.928 -0.367163565533487
0.936 -0.353579385491028
0.944 -0.339785725341368
0.952 -0.325821451224082
0.96 -0.31172431811662
0.968 -0.297530871276066
0.976 -0.283276357598619
0.984 -0.268994647028808
0.992 -0.254718164080598
1 -0.240477829485628
