-1 0.353234565133219
-0.992 0.350678586352221
-0.984 0.347921337843094
-0.976 0.34492848892896
-0.968 0.341664777811847
-0.96 0.338094188015514
-0.952 0.334180139143567
-0.944 0.329885691099156
-0.936 0.325173760743945
-0.928 0.320007349808263
-0.92 0.314349782703542
-0.912 0.308164952734523
-0.904 0.301417575064444
-0.896 0.294073444653737
-0.888 0.286099697273729
-0.88 0.277465071593495
-0.872 0.268140170252373
-0.864 0.258097717764283
-0.856 0.247312813054699
-0.848 0.235763174408021
-0.84 0.223429374603498
-0.832 0.210295064042442
-0.824 0.196347179718838
-0.816 0.181576137959825
-0.808 0.165976008961758
-0.8 0.149544671271191
-0.792 0.132283944507386
-0.784 0.114199698792652
-0.776 0.0953019395475312
-0.768 0.0756048665176024
-0.76 0.0551269061255844
-0.752 0.0338907164837648
-0.744 0.0119231646551091
-0.736 -0.0107447239863329
-0.728 -0.0340778441770052
-0.72 -0.0580371165779825
-0.712 -0.0825796203223647
-0.704 -0.107658751370965
-0.696 -0.133224405493372
-0.688 -0.159223184444616
-0.68 -0.185598623675218
-0.672 -0.212291439697569
-0.664 -0.239239795037328
-0.656 -0.266379578527571
-0.648 -0.293644698558242
-0.64 -0.320967386776183
-0.632 -0.348278509643358
-0.624 -0.375507885204231
-0.616 -0.402584602388553
-0.608 -0.429437340183469
-0.6 -0.455994684048979
-0.592 -0.482185437022871
-0.584 -0.50793892306441
-0.576 -0.53318528031893
-0.568 -0.557855742146246
-0.56 -0.581882903942229
-0.552 -0.60520097399239
-0.544 -0.627746006825874
-0.536 -0.649456117784676
-0.528 -0.67027167778254
-0.52 -0.690135487497186
-0.512 -0.708992930514355
-0.504 -0.726792105218592
-0.496 -0.743483935499764
-0.488 -0.759022260612022
-0.48 -0.773363904779288
-0.472 -0.786468727384777
-0.464 -0.798299654807855
-0.456 -0.808822695176557
-0.448 -0.818006937485331
-0.44 -0.825824536682452
-0.432 -0.832250686457991
-0.424 -0.837263581559354
-0.416 -0.84084437152617
-0.408 -0.842977107768787
-0.4 -0.843648685914676
-0.392 -0.842848785314919
-0.384 -0.840569807539384
-0.376 -0.836806815595486
-0.368 -0.831557475483351
-0.36 -0.824822001551868
-0.352 -0.81660310694825
-0.344 -0.806905960261192
-0.336 -0.795738149247889
-0.328 -0.783109652311632
-0.32 -0.769032818163155
-0.312 -0.753522353859394
-0.304 -0.736595321171798
-0.296 -0.718271140996846
-0.288 -0.698571605288063
-0.28 -0.677520895765392
-0.272 -0.655145608448037
-0.264 -0.631474782864413
-0.256 -0.606539934620686
-0.248 -0.58037508986063
-0.24 -0.553016820026468
-0.232 -0.524504275235231
-0.224 -0.494879214519486
-0.216 -0.464186031146216
-0.208 -0.432471771223798
-0.2 -0.3997861438346
-0.192 -0.366181520989221
-0.184 -0.331712925787109
-0.176 -0.296438007285624
-0.168 -0.260417000724003
-0.16 -0.22371267191761
-0.152 -0.18639024482889
-0.144 -0.14851731153145
-0.136 -0.110163724009417
-0.128 -0.0714014674721989
-0.12 -0.0323045151111184
-0.112 0.00705133552452351
-0.104 0.0465886441026815
-0.096 0.086228526357234
-0.088 0.125890869290648
-0.08 0.16549456158036
-0.072 0.204957737821962
-0.0639999999999999 0.244198035043182
-0.0559999999999999 0.283132859743997
-0.0479999999999999 0.321679663562755
-0.04 0.35975622553804
-0.032 0.397280938833153
-0.024 0.43417309971583
-0.016 0.470353196541176
-0.00800000000000001 0.505743196471154
0 0.540266827679448
0.00800000000000001 0.573849854835519
0.016 0.606420345735395
0.024 0.637908927047659
0.032 0.668249027269643
0.04 0.697377105138652
0.048 0.72523286191377
0.056 0.751759436132605
0.0640000000000001 0.77690357965119
0.0720000000000001 0.800615813990919
0.0800000000000001 0.822850566240584
0.0880000000000001 0.843566283990721
0.0960000000000001 0.862725529008216
0.104 0.880295049587992
0.112 0.896245831742184
0.12 0.910553129602435
0.128 0.923196475614659
0.136 0.93415967129513
0.144 0.943430759489527
0.152 0.951001979230412
0.16 0.956869704421706
0.168 0.961034367689596
0.176 0.963500370826824
0.184 0.964275983320857
0.192 0.963373230495673
0.2 0.960807772811955
0.208 0.956598777861913
0.216 0.950768786563507
0.224 0.943343575005934
0.232 0.934352013325264
0.24 0.923825922897988
0.248 0.911799933033106
0.256 0.898311338222478
0.264 0.883399956877081
0.272 0.867107992336088
0.28 0.849479896789111
0.288 0.830562238602185
0.296 0.810403573387939
0.304 0.789054319012465
0.312 0.766566634588367
0.32 0.742994303367619
0.328 0.718392619321642
0.336 0.692818277081202
0.344 0.666329264807444
0.352 0.638984759478804
0.36 0.610845024008244
0.368 0.58197130555187
0.376 0.552425734334411
0.384 0.52227122229936
0.392 0.491571360891895
0.4 0.46039031730068
0.408 0.428792728519679
0.416 0.396843592642252
0.424 0.364608156865987
0.432 0.332151801766453
0.44 0.299539921489848
0.448 0.266837799616506
0.456 0.23411048055758
0.464 0.201422636463852
0.472 0.16883842974652
0.48 0.136421371432805
0.488 0.104234175702239
0.496 0.0723386110704007
0.504 0.0407953488038033
0.512 0.0096638092604982
0.52 -0.0209979930457733
0.528 -0.051133604766159
0.536 -0.0806882884470632
0.544 -0.109609175624086
0.552 -0.137845417174951
0.56 -0.165348329782174
0.568 -0.192071537325797
0.576 -0.217971106010729
0.584 -0.243005672032079
0.592 -0.267136560595467
0.6 -0.290327895137267
0.608 -0.312546695631737
0.616 -0.333762964927605
0.624 -0.353949762125203
0.632 -0.373083262086149
0.64 -0.391142800260253
0.648 -0.408110902118109
0.656 -0.42397329659225
0.664 -0.438718913054436
0.672 -0.452339861491147
0.68 -0.464831395683673
0.688 -0.47619185935318
0.696 -0.486422615394919
0.704 -0.495527958499457
0.712 -0.503515011642678
0.72 -0.510393607120413
0.728 -0.516176153007929
0.736 -0.520877486138851
0.744 -0.524514712921692
0.752 -0.527107039543777
0.76 -0.528675593349979
0.768 -0.529243237424457
0.776 -0.52883438064352
0.784 -0.527474785701756
0.792 -0.525191377835218
0.8 -0.522012057166923
0.808 -0.517965517772177
0.816 -0.513081076693776
0.824 -0.507388516218626
0.832 -0.500917942745422
0.84 -0.493699665515047
0.848 -0.485764098328877
0.856 -0.477141687133116
0.864 -0.467862865989426
0.872 -0.457958043475066
0.88 -0.447457620954516
0.888 -0.436392043437679
0.896 -0.424791882890989
0.904 -0.412687952905841
0.912 -0.400111452569014
0.92 -0.387094136243651
0.928 -0.373668504785312
0.936 -0.359868012520434
0.944 -0.34572728314514
0.952 -0.331282326606899
0.96 -0.316570748060006
0.968 -0.301631939190622
0.976 -0.286507241640626
0.984 -0.271240071972363
0.992 -0.255875997654296
1 -0.240462753949104
