-1 0.353038940189367
-0.992 0.354126982725184
-0.984 0.354559131815496
-0.976 0.354313626914382
-0.968 0.353369661056161
-0.96 0.351707468739025
-0.952 0.349308413312139
-0.944 0.34615507354947
-0.936 0.342231329087679
-0.928 0.337522444400705
-0.92 0.332015150980237
-0.912 0.325697727389083
-0.904 0.31856007685366
-0.896 0.310593802062373
-0.888 0.301792276838634
-0.88 0.292150714360666
-0.872 0.281666231605064
-0.864 0.270337909697408
-0.856 0.25816684986094
-0.848 0.245156224663539
-0.84 0.231311324273845
-0.832 0.216639597449444
-0.824 0.201150686993446
-0.816 0.184856459430598
-0.808 0.16777102867016
-0.8 0.149910773440119
-0.792 0.131294348295912
-0.784 0.111942688026501
-0.776 0.0918790053014157
-0.768 0.0711287814241836
-0.76 0.0497197500801916
-0.752 0.0276818739905655
-0.744 0.00504731440787443
-0.736 -0.0181496065856683
-0.728 -0.0418724509914218
-0.72 -0.0660827170070535
-0.712 -0.0907398983007266
-0.704 -0.115801550382329
-0.696 -0.141223363980862
-0.688 -0.166959245310678
-0.68 -0.192961403082935
-0.672 -0.219180442092595
-0.664 -0.245565463185546
-0.656 -0.272064169385257
-0.648 -0.298622977933659
-0.64 -0.325187137977057
-0.632 -0.351700853604671
-0.624 -0.378107411925182
-0.616 -0.404349315845402
-0.608 -0.430368421195009
-0.6 -0.456106077822348
-0.592 -0.481503274268574
-0.584 -0.506500785611054
-0.576 -0.531039324052007
-0.568 -0.555059691814919
-0.56 -0.578502935899324
-0.552 -0.601310504234247
-0.544 -0.623424402761898
-0.536 -0.644787352976212
-0.528 -0.665342949435486
-0.52 -0.685035816764822
-0.512 -0.703811765662175
-0.504 -0.721617947421744
-0.496 -0.73840300649003
-0.488 -0.754117230573271
-0.48 -0.768712697820008
-0.472 -0.78214342060932
-0.464 -0.794365485483647
-0.456 -0.805337188775177
-0.448 -0.815019167486378
-0.44 -0.823374524998358
-0.432 -0.830368951195379
-0.424 -0.835970836609809
-0.416 -0.84015138020916
-0.408 -0.842884690465484
-0.4 -0.844147879367141
-0.392 -0.843921149053954
-0.384 -0.842187870778631
-0.376 -0.838934655920272
-0.368 -0.834151418799512
-0.36 -0.827831431069376
-0.352 -0.819971367481114
-0.344 -0.810571342850071
-0.336 -0.79963494007294
-0.328 -0.787169229074402
-0.32 -0.773184776588192
-0.312 -0.757695646704814
-0.304 -0.740719392145489
-0.296 -0.722277036249311
-0.288 -0.702393045687919
-0.28 -0.681095293949228
-0.272 -0.658415015658727
-0.264 -0.634386751833597
-0.256 -0.609048286191207
-0.248 -0.582440572659459
-0.24 -0.5546076542618
-0.232 -0.525596573574519
-0.224 -0.495457274978084
-0.216 -0.46424249894767
-0.208 -0.432007668650684
-0.2 -0.398810769140911
-0.192 -0.364712219459822
-0.184 -0.329774737975606
-0.176 -0.294063201309482
-0.168 -0.257644497216881
-0.16 -0.220587371808023
-0.152 -0.18296227150825
-0.144 -0.144841180173245
-0.136 -0.106297451787776
-0.128 -0.0674056391890359
-0.12 -0.0282413192668055
-0.112 0.0111190848973932
-0.104 0.0505984844812847
-0.096 0.0901193074846666
-0.088 0.129603682919631
-0.08 0.168973626138863
-0.072 0.208151224809169
-0.0639999999999999 0.247058825035078
-0.0559999999999999 0.285619217136481
-0.0479999999999999 0.323755820584602
-0.04 0.361392867602277
-0.032 0.398455584937546
-0.024 0.43487037332381
-0.016 0.470564984145459
-0.00800000000000001 0.505468692834712
0 0.539512468533615
0.00800000000000001 0.572629139564555
0.016 0.60475355426332
0.024 0.635822736740642
0.032 0.665776037151278
0.04 0.694555276063961
0.048 0.722104882541004
0.056 0.748372025552896
0.0640000000000001 0.773306738370909
0.0720000000000001 0.796862035599409
0.0800000000000001 0.818994022529323
0.0880000000000001 0.839661996514883
0.0960000000000001 0.858828540097393
0.104 0.876459605622265
0.112 0.892524591118873
0.12 0.906996407236875
0.128 0.919851535057415
0.136 0.931070074623081
0.144 0.940635784056485
0.152 0.948536109163853
0.16 0.954762203446995
0.168 0.959308938474301
0.176 0.962174904589064
0.184 0.963362401961188
0.192 0.962877422016312
0.2 0.960729619304299
0.208 0.956932273896989
0.216 0.95150224443285
0.224 0.944459911953734
0.232 0.935829114706116
0.24 0.925637074106035
0.248 0.913914312093241
0.256 0.900694560125714
0.264 0.886014660090794
0.272 0.869914457433298
0.28 0.852436686824441
0.288 0.833626850717711
0.296 0.813533091159215
0.304 0.792206055240249
0.312 0.769698754598858
0.32 0.746066419394861
0.328 0.72136634719924
0.336 0.695657747253692
0.344 0.669001580569662
0.352 0.641460396348066
0.36 0.613098165211239
0.368 0.583980109747352
0.376 0.554172532874506
0.384 0.523742644537013
0.392 0.492758387249897
0.4 0.461288261009433
0.408 0.429401148087504
0.416 0.397166138225805
0.424 0.364652354742308
0.432 0.33192878205709
0.44 0.299064095137499
0.448 0.266126491353834
0.456 0.233183525226145
0.464 0.200301946530631
0.472 0.167547542220256
0.48 0.134984982598895
0.488 0.102677672171468
0.496 0.0706876055742111
0.504 0.0390752289696684
0.512 0.00789930727001396
0.52 -0.0227832024697129
0.528 -0.052917271170099
0.536 -0.0824499110633842
0.544 -0.111330281977922
0.552 -0.139509790327854
0.56 -0.166942180591337
0.568 -0.193583619087831
0.576 -0.21939276989255
0.584 -0.244330862754149
0.592 -0.268361752909923
0.6 -0.291451972721132
0.608 -0.313570775079356
0.616 -0.334690168563059
0.624 -0.35478494435147
0.632 -0.373832694930622
0.64 -0.391813824653538
0.648 -0.408711552243263
0.656 -0.424511905353427
0.664 -0.439203707326286
0.672 -0.452778556312586
0.68 -0.46523079694106
0.688 -0.476557484747814
0.696 -0.486758343597175
0.704 -0.495835716345749
0.712 -0.503794509020326
0.72 -0.510642128797879
0.728 -0.516388416092162
0.736 -0.521045571066211
0.744 -0.524628074903474
0.752 -0.527152606182171
0.76 -0.52863795270791
0.768 -0.52910491916844
0.776 -0.528576230981763
0.784 -0.527076434714647
0.792 -0.524631795452808
0.8 -0.521270191506814
0.808 -0.517021006838942
0.816 -0.511915021596009
0.824 -0.505984301131468
0.832 -0.499262083896927
0.84 -0.491782668578764
0.848 -0.483581300849662
0.856 -0.4746940600978
0.864 -0.46515774648809
0.872 -0.455009768700391
0.88 -0.444288032679048
0.888 -0.433030831716515
0.896 -0.42127673818128
0.904 -0.40906449718692
0.912 -0.396432922484865
0.92 -0.383420794848577
0.928 -0.370066763201251
0.936 -0.356409248723066
0.944 -0.342486352157405
0.952 -0.328335764518524
0.96 -0.313994681385825
0.968 -0.299499720952428
0.976 -0.28488684597807
0.984 -0.270191289778603
0.992 -0.255447486366711
1 -0.240689004840792
