-1 0.353182895507704
-0.992 0.351776608952852
-0.984 0.349968654837663
-0.976 0.347738334617344
-0.968 0.345064518765775
-0.96 0.341925711117614
-0.952 0.338300122585281
-0.944 0.334165754542802
-0.936 0.329500492093939
-0.928 0.324282207357446
-0.92 0.318488872807983
-0.912 0.312098684607463
-0.904 0.305090195749041
-0.896 0.297442458715303
-0.888 0.289135177224385
-0.88 0.280148866503959
-0.872 0.270465021394554
-0.864 0.260066291442024
-0.856 0.248936661995913
-0.848 0.237061640187785
-0.84 0.224428444523342
-0.832 0.211026196686443
-0.824 0.196846114024231
-0.816 0.18188170106274
-0.808 0.16612893829433
-0.8 0.149586466418815
-0.792 0.132255766379223
-0.784 0.114141423971775
-0.776 0.0952536956021618
-0.768 0.0756453747723815
-0.76 0.0557344485798055
-0.752 0.0377475380235118
-0.744 0.0275521971065501
-0.736 0.0272378035714926
-0.728 0.0152868438970795
-0.72 -0.0384147797309802
-0.712 -0.113064582926722
-0.704 -0.155712589712852
-0.696 -0.163251478891009
-0.688 -0.168983791354039
-0.68 -0.186660777360239
-0.672 -0.211319436315756
-0.664 -0.237992071322188
-0.656 -0.2651430499858
-0.648 -0.292479709267697
-0.64 -0.319914803814895
-0.632 -0.347378162978105
-0.624 -0.374798667333274
-0.616 -0.402103524456193
-0.608 -0.429218570284713
-0.6 -0.456068622449115
-0.592 -0.482577848032527
-0.584 -0.50867014185324
-0.576 -0.534269511905594
-0.568 -0.559300468437246
-0.56 -0.583688413011965
-0.552 -0.60736002382201
-0.544 -0.630243633475758
-0.536 -0.652269595496838
-0.528 -0.673370635832328
-0.52 -0.693482185780518
-0.512 -0.712542692913722
-0.504 -0.730493906788008
-0.496 -0.747281136498312
-0.488 -0.762853477452051
-0.48 -0.777164005094101
-0.472 -0.790169933717156
-0.464 -0.801832738929464
-0.456 -0.812118242821421
-0.448 -0.82099666136753
-0.44 -0.828442614114059
-0.432 -0.834435096728149
-0.424 -0.838957417513367
-0.416 -0.841997099521553
-0.408 -0.843545750402976
-0.4 -0.84359890262752
-0.392 -0.842155827170387
-0.384 -0.839219324178042
-0.376 -0.834795494505553
-0.368 -0.828893496337422
-0.36 -0.821525291362958
-0.352 -0.812705385167955
-0.344 -0.802450566621088
-0.336 -0.790779651071452
-0.328 -0.777713232129782
-0.32 -0.763273446677703
-0.312 -0.74748375753645
-0.304 -0.730368757929428
-0.296 -0.71195400149424
-0.288 -0.692265861143286
-0.28 -0.671331419543317
-0.272 -0.649178393390541
-0.264 -0.625835093007797
-0.256 -0.601330418093874
-0.248 -0.575693889723957
-0.24 -0.54895571794672
-0.232 -0.521146903561514
-0.224 -0.49229937190253
-0.216 -0.462446135720496
-0.208 -0.431621483551276
-0.2 -0.399861189309412
-0.192 -0.367202738257549
-0.184 -0.333685563993267
-0.176 -0.299351290675739
-0.168 -0.26424397439674
-0.16 -0.228410337393413
-0.152 -0.191899988711177
-0.144 -0.154765624959599
-0.136 -0.117063204964661
-0.128 -0.0788520924082052
-0.12 -0.0401951609568963
-0.112 -0.00115885691401055
-0.104 0.0381867849298856
-0.096 0.0777681758269626
-0.088 0.117508260729021
-0.08 0.157326660909653
-0.072 0.197139872424662
-0.0639999999999999 0.236861520278895
-0.0559999999999999 0.276402667142936
-0.0479999999999999 0.315672174438751
-0.04 0.354577112610136
-0.032 0.39302321643228
-0.024 0.43091538031489
-0.016 0.468158187734397
-0.00800000000000001 0.504656468210119
0 0.540315874632788
0.00800000000000001 0.575043473275028
0.016 0.608748338472983
0.024 0.641342143774464
0.032 0.672739741306664
0.04 0.702859721227418
0.048 0.731624943386692
0.056 0.758963033734747
0.0640000000000001 0.784806838562366
0.0720000000000001 0.809094830335788
0.0800000000000001 0.831771459681028
0.0880000000000001 0.852787448963087
0.0960000000000001 0.872100023877071
0.104 0.889673080500907
0.112 0.905477286332139
0.12 0.91949011492281
0.128 0.931695814814792
0.136 0.942085314541669
0.144 0.950656066481646
0.152 0.957411833299393
0.16 0.962362421585334
0.168 0.96552336807273
0.176 0.966915584472395
0.184 0.966564967500998
0.192 0.964501981083435
0.2 0.960761217977299
0.208 0.95538094819577
0.216 0.948402661594679
0.224 0.939870611843661
0.232 0.929831368726144
0.24 0.91833338531719
0.248 0.905426586082616
0.256 0.891161981340311
0.264 0.875591312839482
0.272 0.85876673446146
0.28 0.840740531243109
0.288 0.8215648790878
0.296 0.801291646676446
0.304 0.779972240239057
0.312 0.7576574910119
0.32 0.734397584401957
0.328 0.710242029123014
0.336 0.68523966386917
0.344 0.659438698462693
0.352 0.632886785863348
0.36 0.605631120962766
0.368 0.577718561715614
0.376 0.549195767882505
0.384 0.520109352479289
0.392 0.490506040943079
0.4 0.46043283303489
0.408 0.429937162598182
0.416 0.399067050476578
0.424 0.367871246155887
0.432 0.336399354027489
0.44 0.304701940563548
0.448 0.272830619139945
0.456 0.240838109730524
0.464 0.20877827121607
0.472 0.176706104593257
0.48 0.144677725922566
0.488 0.112750308410151
0.496 0.0809819935675535
0.504 0.0494317719262654
0.512 0.0181593342935543
0.52 -0.0127751049856395
0.528 -0.043311010854767
0.536 -0.0733877541552449
0.544 -0.102944859363701
0.552 -0.131922270500215
0.56 -0.160260632003109
0.568 -0.187901581172613
0.576 -0.214788048647777
0.584 -0.24086456329798
0.592 -0.266077557881257
0.6 -0.29037567184474
0.608 -0.313710047715137
0.616 -0.336034617646425
0.624 -0.357306376854234
0.632 -0.377485640867594
0.64 -0.396536283764667
0.648 -0.41442595482499
0.656 -0.431126271321926
0.664 -0.446612985490482
0.672 -0.460866124032536
0.68 -0.473870098858877
0.688 -0.485613788110457
0.696 -0.496090586845408
0.704 -0.505298427119064
0.712 -0.513239767517406
0.72 -0.519921552526163
0.728 -0.525355142424599
0.736 -0.529556214681818
0.744 -0.532544638101213
0.752 -0.534344321203293
0.76 -0.534983036556419
0.768 -0.534492222957466
0.776 -0.532906767528909
0.784 -0.530264769934595
0.792 -0.526607291023107
0.8 -0.521978088285181
0.808 -0.516423340560479
0.816 -0.50999136444988
0.824 -0.502732324883285
0.832 -0.49469794226111
0.84 -0.485941198531667
0.848 -0.476516044488295
0.856 -0.466477110471335
0.864 -0.455879422542966
0.872 -0.444778126069734
0.88 -0.433228218500638
0.888 -0.421284292970171
0.896 -0.409000294188244
0.904 -0.396429287904598
0.912 -0.383623245056663
0.92 -0.370632841528911
0.928 -0.357507274270793
0.936 -0.344294094341375
0.944 -0.33103905727363
0.952 -0.31778599098179
0.96 -0.304576681272719
0.968 -0.291450774868395
0.976 -0.278445699702397
0.984 -0.265596602119876
0.992 -0.252936300488627
1 -0.240495254619206
