-1 0.35322690848236
-0.992 0.354437358390349
-0.984 0.35497397754457
-0.976 0.354815362422296
-0.968 0.353941171278028
-0.96 0.352332205997635
-0.952 0.349970492891936
-0.944 0.346839362159934
-0.936 0.342923525749487
-0.928 0.338209153341635
-0.92 0.332683946184128
-0.912 0.326337208499956
-0.904 0.319159916197827
-0.896 0.311144782613708
-0.888 0.30228632101563
-0.88 0.292580903608013
-0.872 0.282026816776864
-0.864 0.270624312323235
-0.856 0.258375654439362
-0.848 0.245285162189956
-0.84 0.231359247270106
-0.832 0.216606446821228
-0.824 0.201037451097447
-0.816 0.184665125786616
-0.808 0.167504528802997
-0.8 0.149572921382253
-0.792 0.13088977332392
-0.784 0.111476762241862
-0.776 0.0913577666993308
-0.768 0.0705588531220766
-0.76 0.0491082564005396
-0.752 0.0270363541103079
-0.744 0.00437563429883577
-0.736 -0.0188393431942754
-0.728 -0.0425719918963265
-0.72 -0.0667837503325753
-0.712 -0.091434140101401
-0.704 -0.116480830344824
-0.696 -0.141879708544552
-0.688 -0.16758495755249
-0.68 -0.193549138743375
-0.672 -0.219723281155868
-0.664 -0.246056976467241
-0.656 -0.272498479625695
-0.648 -0.298994814943539
-0.64 -0.325491887433887
-0.632 -0.351934599153385
-0.624 -0.378266970293822
-0.616 -0.404432264746273
-0.608 -0.430373119842928
-0.6 -0.456031679963891
-0.592 -0.481349733679161
-0.584 -0.506268854079754
-0.576 -0.530730541936583
-0.568 -0.554676371311356
-0.56 -0.57804813723041
-0.552 -0.60078800502018
-0.544 -0.622838660891931
-0.536 -0.644143463353533
-0.528 -0.664646595017467
-0.52 -0.684293214366975
-0.512 -0.703029607036373
-0.504 -0.720803336157007
-0.496 -0.737563391317251
-0.488 -0.753260335683335
-0.48 -0.767846450827633
-0.472 -0.781275878812409
-0.464 -0.793504761079908
-0.456 -0.804491373704072
-0.448 -0.814196258565105
-0.44 -0.822582350015567
-0.432 -0.829615096615657
-0.424 -0.83526257752583
-0.416 -0.839495613156842
-0.408 -0.842287869690747
-0.4 -0.843615957101223
-0.392 -0.843459520317817
-0.384 -0.841801323196302
-0.376 -0.838627324976194
-0.368 -0.833926748926623
-0.36 -0.827692142903043
-0.352 -0.819919431559705
-0.344 -0.810607959986304
-0.336 -0.799760528561673
-0.328 -0.787383418842796
-0.32 -0.773486410333565
-0.312 -0.758082788004706
-0.304 -0.741189340463822
-0.296 -0.72282634870273
-0.288 -0.703017565377801
-0.28 -0.681790184608087
-0.272 -0.659174802305211
-0.264 -0.635205367078469
-0.256 -0.609919121788079
-0.248 -0.583356535848974
-0.24 -0.555561228416898
-0.232 -0.526579882617619
-0.224 -0.496462151008846
-0.216 -0.465260552492749
-0.208 -0.433030360924722
-0.2 -0.399829485691142
-0.192 -0.365718344555276
-0.184 -0.330759729095959
-0.176 -0.295018663088314
-0.168 -0.258562254199311
-0.16 -0.221459539393441
-0.152 -0.183781324465014
-0.144 -0.145600018133614
-0.136 -0.10698946115782
-0.128 -0.068024750939571
-0.12 -0.0287820621072347
-0.112 0.0106615364203552
-0.104 0.0502282673740665
-0.096 0.0898398335530801
-0.088 0.129417608186955
-0.08 0.168882826698655
-0.072 0.208156779320302
-0.0639999999999999 0.247161004009478
-0.0559999999999999 0.285817479111733
-0.0479999999999999 0.324048815214632
-0.04 0.361778445640166
-0.032 0.398930815025638
-0.024 0.435431565448272
-0.016 0.471207719555681
-0.00800000000000001 0.506187860173033
0 0.54030230586814
0.00800000000000001 0.573483281967892
0.016 0.605665086533183
0.024 0.63678425081496
0.032 0.66677969373098
0.04 0.69559286992137
0.048 0.723167910961019
0.056 0.749451759328151
0.0640000000000001 0.774394294751034
0.0720000000000001 0.797948452578609
0.0800000000000001 0.820070333845808
0.0880000000000001 0.840719306730309
0.0960000000000001 0.859858099124487
0.104 0.877452882074106
0.112 0.893473343863928
0.12 0.907892754559626
0.128 0.920688020845239
0.136 0.93183973102563
0.144 0.941332190094049
0.152 0.949153444795741
0.16 0.955295298649511
0.168 0.959753316920178
0.176 0.962526821565767
0.184 0.963618876214011
0.192 0.963036261253188
0.2 0.960789439152323
0.208 0.956892510155337
0.216 0.951363158522638
0.224 0.944222589521879
0.232 0.935495457397016
0.24 0.925209784571364
0.248 0.913396872365881
0.256 0.900091203538431
0.264 0.885330336973148
0.272 0.869154794871135
0.28 0.851607942814655
0.288 0.832735863096437
0.296 0.812587221723875
0.304 0.791213129524514
0.312 0.768666997794393
0.32 0.745004388944367
0.328 0.720282862611578
0.336 0.694561817713578
0.344 0.667902330931401
0.352 0.640366992114915
0.36 0.612019737109237
0.368 0.582925678504694
0.376 0.553150934814881
0.384 0.522762458587767
0.392 0.491827863953496
0.4 0.460415254109657
0.408 0.428593049240246
0.416 0.396429815358444
0.424 0.363994094555708
0.432 0.331354237130456
0.44 0.298578236059074
0.448 0.265733564259892
0.456 0.232887015087436
0.464 0.200104546479561
0.472 0.167451129164187
0.48 0.134990599315313
0.488 0.102785516029797
0.496 0.0708970239772819
0.504 0.0393847215555235
0.512 0.00830653486242769
0.52 -0.0222814022255954
0.528 -0.0523248616017744
0.536 -0.0817716278594317
0.544 -0.110571598384087
0.552 -0.138676876410491
0.56 -0.166041856872151
0.568 -0.192623304895453
0.576 -0.218380426815157
0.584 -0.243274933612817
0.592 -0.267271096704439
0.6 -0.290335796028292
0.608 -0.312438560408311
0.616 -0.333551600192667
0.624 -0.353649832190964
0.632 -0.372710896956928
0.64 -0.390715168486362
0.648 -0.407645756422519
0.656 -0.423488500882694
0.664 -0.438231960040893
0.672 -0.451867390621602
0.68 -0.464388721479113
0.688 -0.475792520455344
0.696 -0.486077954726696
0.704 -0.495246744867054
0.712 -0.503303112869628
0.72 -0.510253724384846
0.728 -0.516107625444911
0.736 -0.520876173957967
0.744 -0.524572966265928
0.752 -0.527213759070057
0.76 -0.528816387037168
0.768 -0.529400676406946
0.776 -0.528988354927328
0.784 -0.527602958450104
0.792 -0.525269734522936
0.8 -0.522015543316878
0.808 -0.517868756230129
0.816 -0.512859152509313
0.824 -0.507017814228956
0.832 -0.500377019968131
0.84 -0.492970137520413
0.848 -0.484831515969465
0.856 -0.475996377457671
0.864 -0.466500708969403
0.872 -0.456381154443696
0.88 -0.445674907523396
0.888 -0.434419605239343
0.896 -0.422653222918727
0.904 -0.410413970596706
0.912 -0.397740191199515
0.92 -0.384670260755845
0.928 -0.371242490881191
0.936 -0.35749503376727
0.944 -0.343465789895484
0.952 -0.329192318679917
0.96 -0.314711752231403
0.968 -0.300060712420019
0.976 -0.28527523139885
0.984 -0.270390675737227
0.992 -0.255441674296753
1 -0.240462049968584
