t	theta(x)	omega(t)
0	3.04159265358979	0
0	3.04159265358979	0
0.0468586319480301	3.04104627227792	-0.0232961745798691
0.0985570081093625	3.03917843497755	-0.0489875870673486
0.150038058474636	3.03599192503151	-0.0748863369992439
0.20186809510055	3.03142139114764	-0.101618407873372
0.253804878125044	3.02542698097148	-0.129414068854859
0.305706094647208	3.01796069383788	-0.158554935638233
0.357416617740004	3.00897474857625	-0.189310833882564
0.408790979644289	2.99842042693322	-0.221945752979317
0.459697442983758	2.98624806980114	-0.256715493876675
0.510022459210045	2.97240648104064	-0.293867187919092
0.559672816027047	2.95684221513955	-0.333639217112243
0.608575902848781	2.93949888187701	-0.376261463884193
0.656678495911508	2.92031660192345	-0.421955632361414
0.703944615322126	2.8992316739755	-0.470935455016229
0.750352961778786	2.87617645707894	-0.523406659291331
0.795894326638925	2.85107942947403	-0.579566635740984
0.840569227153431	2.82386536504716	-0.639603794944454
0.884385907625872	2.79445555508702	-0.703696646603203
0.927358754202641	2.76276800359893	-0.772012653168855
0.969507128895258	2.7287175150967	-0.844706947719165
1.01085459418046	2.69221559188985	-0.921921018613199
1.05142849517425	2.65317004369808	-1.0037814926961
1.09129747205684	2.61144318939867	-1.09048399327184
1.13127299258205	2.56600350260466	-1.18402400982331
1.17127689472059	2.51664996396624	-1.2846022246678
1.21133344120263	2.46305475947353	-1.39261715041908
1.25146845512964	2.40486360538557	-1.5084381570186
1.29172454215207	2.34167051980431	-1.63243265762274
1.33216591029723	2.27299965111972	-1.76496925780861
1.37288762888594	2.19827371230357	-1.90643325679032
1.41403020190831	2.11676199107712	-2.05725848913428
1.45580464026437	2.02748924825881	-2.21799261306009
1.49853986469438	1.92906267738078	-2.38943592455813
1.54278481237705	1.81930134958056	-2.57296637108406
1.58957500169781	1.69428044570114	-2.7714438373225
1.64140190448347	1.54490811875384	-2.99267402375399
1.6994069201644	1.36423731959503	-3.23522229788819
1.6994069201644	1.36423731959503	-3.23522229788819
1.74436804770692	1.21472443060886	-3.41365338442341
1.74436804770692	1.21472443060886	-3.41365338442341
1.78630007738926	1.06830592680837	-3.56756206246502
1.78630007738926	1.06830592680837	-3.56756206246502
1.82644980646324	0.922365077537492	-3.69939196567939
1.82644980646324	0.922365077537492	-3.69939196567939
1.8641457231774	0.780850401808032	-3.80573728308422
1.8641457231774	0.780850401808032	-3.80573728308422
1.89918921913446	0.646012289165087	-3.88664014246659
1.89918921913446	0.646012289165087	-3.88664014246659
1.93266375585844	0.514869465640464	-3.94559763844818
1.96643404945935	0.380898653362951	-3.98518990998353
1.99884578952074	0.251386099534465	-4.0031684889378
2.03057620783645	0.124345713336607	-4.00101789193365
2.06194364613651	-0.000867323817057258	-3.97937631290271
2.09324966485335	-0.12485615388653	-3.93853548992766
2.12477792805833	-0.248133544804254	-3.87848104415436
2.15682356581142	-0.371195041869808	-3.79888628494669
2.18972063059793	-0.494573231956584	-3.69904458593931
2.2238818486867	-0.618912981984047	-3.5777096816475
2.25986834883626	-0.745102958400764	-3.43275572956521
2.29853857915893	-0.874565997303611	-3.2603940314498
2.34145349753137	-1.01008802283189	-3.05297736793258
2.38561994554801	-1.13996264773129	-2.82631314318841
2.431737877916	-1.2646575156263	-2.58008927647723
2.48140810160398	-1.38609244844696	-2.30890171720832
2.53800933802464	-1.50797147777215	-1.99771338303166
2.59502707477039	-1.61298487890915	-1.68651351250603
2.59502707477039	-1.61298487890915	-1.68651351250603
2.64465800005588	-1.69005392377908	-1.41998314141333
2.64465800005588	-1.69005392377908	-1.41998314141333
2.69111218802452	-1.75031574625876	-1.17530133093247
2.69111218802452	-1.75031574625876	-1.17530133093247
2.73581504093524	-1.79768106753592	-0.944603772958753
2.78080619470454	-1.83504512502725	-0.717115159002242
2.82583912514489	-1.86229565031291	-0.493833556614675
2.87134752675261	-1.87971152072894	-0.272173746379661
2.91754945767922	-1.88715514442821	-0.0505624136127554
2.96460255522517	-1.88428043740951	0.172350336743331
3.01260746067402	-1.87059125224724	0.397689016401707
3.06162783127076	-1.84548629415828	0.626401333218611
3.11173056800168	-1.80826353017973	0.859364397896172
3.16308239859121	-1.75801237168885	1.09771222244717
3.21742524684197	-1.6915154931868	1.34949078298923
3.27793490089754	-1.60140577355513	1.62851138331686
3.34316613364012	-1.48546132227346	1.92539061797728
3.34316613364012	-1.48546132227346	1.92539061797728
3.40176258021134	-1.36498972739577	2.18503446262835
3.40176258021134	-1.36498972739577	2.18503446262835
3.45254871650965	-1.24849301247658	2.40096144961341
3.45254871650965	-1.24849301247658	2.40096144961341
3.49973479892243	-1.13068123850348	2.59044143522988
3.49973479892243	-1.13068123850348	2.59044143522988
3.54458035459047	-1.01071784446438	2.75716752791954
3.58968176805449	-0.882890784564493	2.90817172878145
3.58968176805449	-0.882890784564493	2.90817172878145
3.62938514730211	-0.765063547415084	3.02436476677689
3.62938514730211	-0.765063547415084	3.02436476677689
3.6667616379479	-0.650236590901498	3.11711522300888
3.6667616379479	-0.650236590901498	3.11711522300888
3.70253937085707	-0.53737607384938	3.18897048858523
3.73860781534221	-0.421321230587286	3.24311021522073
3.77324127086088	-0.308366908633493	3.27664115940781
3.80707727616303	-0.197201376832349	3.2911467164213
3.84040879924573	-0.0875154441634983	3.28735670593532
3.87351147438403	0.0209957573702696	3.26572026950119
3.90663563662301	0.128567600542223	3.2264415098686
3.94002769707835	0.235401989612181	3.16950447039203
3.97394596691723	0.341683904880931	3.09466413134847
4.00867913400717	0.447598551679942	3.00140288777126
4.04457137476045	0.553352297773431	2.88883842847723
4.0820623207288	0.65920598394161	2.75554646689187
4.12176017414347	0.76553978908927	2.59920764572049
4.1645979646172	0.87300527714146	2.41582387386013
4.21224824465182	0.982972826833354	2.19760415194442
4.26873824707206	1.09946658442479	1.92467517062573
4.33663200196684	1.21862394379078	1.58371202113174
4.33663200196684	1.21862394379078	1.58371202113174
4.39795004362701	1.30612236196085	1.26965843684445
4.39795004362701	1.30612236196085	1.26965843684445
4.4520705656152	1.36729945098923	0.991104169842087
4.50702907749382	1.41401092844863	0.70904156505296
4.5612400594432	1.44495266470015	0.432916507117533
4.61648044920334	1.46116292211878	0.154535884075999
4.67369043601429	1.46184490108015	-0.13001984361747
4.73388612804644	1.44512092917011	-0.424796799863059
4.79860886269984	1.40752915382789	-0.735699897557044
4.87204940891256	1.34081664047724	-1.07923222992915
4.87204940891256	1.34081664047724	-1.07923222992915
4.94166350844923	1.25468912142395	-1.39294298631328
4.94166350844923	1.25468912142395	-1.39294298631328
5.00173311826862	1.16319667376043	-1.6510071591446
5.00173311826862	1.16319667376043	-1.6510071591446
5.05667608505938	1.06630699455953	-1.87345071812371
5.05667608505938	1.06630699455953	-1.87345071812371
5.10697569751798	0.967251653925271	-2.06258273293011
5.10697569751798	0.967251653925271	-2.06258273293011
5.15242401023443	0.869902082640386	-2.21885326997924
5.15242401023443	0.869902082640386	-2.21885326997924
5.19481889771489	0.773003386714216	-2.34982881700024
5.19481889771489	0.773003386714216	-2.34982881700024
5.23494374943179	0.676480450233386	-2.45870341716727
5.23494374943179	0.676480450233386	-2.45870341716727
5.27335277435941	0.580287293735174	-2.54754721992609
5.31206317202702	0.480204226423966	-2.62041286522093
5.34917466337345	0.381921362416808	-2.67337125252821
5.38530853123552	0.284642798000823	-2.70815148656719
5.4207435816608	0.188321202572574	-2.72557322961035
5.45574098077028	0.092873598434845	-2.72622409139949
5.49053150876641	-0.00174659425612754	-2.71048130761213
5.52533250000592	-0.0955648985492671	-2.67855074256798
5.56035843073303	-0.188587633553208	-2.63048153576138
5.59583137467656	-0.280803119904327	-2.56616389956349
5.63199240671909	-0.372181311699516	-2.48530951722103
5.66911593634463	-0.462672264094995	-2.38740990654948
5.70752992983452	-0.552203577853426	-2.27166165689307
5.74764750665623	-0.640677225267607	-2.13683478229091
5.79002150269851	-0.727967200669826	-1.98103133700494
5.83545020449385	-0.813923464500924	-1.80120344489193
5.88521637619515	-0.898404313569929	-1.5920473095523
5.88521637619515	-0.898404313569929	-1.5920473095523
5.93370940564514	-0.970471946730858	-1.37894229272364
5.93370940564514	-0.970471946730858	-1.37894229272364
5.97963588623075	-1.02904620517636	-1.17102854546276
6.02607325047979	-1.07846302713818	-0.956763200975826
6.07024314561161	-1.11617821179238	-0.750716180796721
6.11464724785992	-1.14489447676678	-0.542622389631052
6.15926600553021	-1.16444064365936	-0.333613978338111
6.20431403389422	-1.17473387342246	-0.123618608766333
6.24993588856164	-1.17555701808298	0.0871444376616796
6.29626576264392	-1.16661402874276	0.298370692159758
6.34344968076624	-1.14753335590587	0.509691163956106
6.39169156621401	-1.11783097566275	0.720772277427083
6.4413327354379	-1.07679072954929	0.931494594387558
6.49300949519828	-1.02316575400333	1.14230341667644
6.49300949519828	-1.02316575400333	1.14230341667644
6.54682866574132	-0.9560277276694	1.35052608565104
6.54682866574132	-0.9560277276694	1.35052608565104
6.59646727363049	-0.884476213884827	1.53020839573345
6.59646727363049	-0.884476213884827	1.53020839573345
6.6429937481957	-0.809608310301972	1.68586090520108
6.6429937481957	-0.809608310301972	1.68586090520108
6.68702776690156	-0.732369242251965	1.82001508716455
6.68702776690156	-0.732369242251965	1.82001508716455
6.72906234184741	-0.653409414040363	1.93455575782959
6.77143227688094	-0.569256317076007	2.03513632258709
6.81186630018098	-0.485282837846054	2.11588767298335
6.85100050428247	-0.401197866408991	2.17879519254936
6.88911877339415	-0.317220045019193	2.22480642490124
6.92648581868315	-0.233479882873591	2.25467072177315
6.96333084713157	-0.150096921311542	2.268938772355
6.99986175575097	-0.067181718797401	2.26800823975811
7.03627338182312	0.0151564456655227	2.25214888179978
7.07275484914134	0.0968037485833982	2.22151708391346
7.10949632991005	0.177636115929492	2.1761612802207
7.14669596511327	0.257513116969101	2.11601889645071
7.18456768602453	0.336270788964125	2.04090409736359
7.22335092100563	0.413712583214903	1.95048400227828
7.26332368942585	0.48959727691015	1.84423852774477
7.30482166505202	0.563622054940195	1.72139445146975
7.34826810011528	0.635397735024724	1.58081494656259
7.39422488803296	0.704410675804633	1.42080432033652
7.43842850905168	0.763643323029922	1.25786703286506
7.48086280145806	0.813580546081495	1.09480289971046
7.5216496599259	0.854954577294709	0.933319516719247
7.56150313381387	0.888949218213622	0.772203296915814
7.60140142334272	0.916501922097368	0.608648470405144
7.64133925311328	0.937517369989395	0.443614640819963
7.68141417953972	0.95196809732565	0.277565464296059
7.72169947958479	0.959792561818186	0.111015243952379
7.76226394124646	0.96091282755288	-0.0555215796929294
7.80317482883186	0.955237912107247	-0.221512341544168
7.84450493465815	0.942664235317011	-0.38640272000249
7.8863416128148	0.923069824925633	-0.5496157175972
7.92879897036904	0.896299732369503	-0.710552516455528
7.97203477363111	0.862138808300083	-0.868592651187901
8.01627547284939	0.820265045498476	-1.02309112174712
8.0621178825981	0.769862919791692	-1.17420230505928
8.0621178825981	0.769862919791692	-1.17420230505928
8.10873425073729	0.711751048221482	-1.31705074072224
8.15570425159367	0.646751820162234	-1.44840419255428
8.20039957219791	0.579465525904054	-1.56022575022368
8.24342069412617	0.510266652810919	-1.65445593312037
8.28505049664337	0.439728860252825	-1.73204570256596
8.32555848868011	0.368268940319218	-1.79382076114534
8.36518080661687	0.296223911146047	-1.84044190420094
8.40412942645613	0.223872960543446	-1.87243656731281
8.44259797090562	0.151456587084745	-1.89021986060363
8.48076714950958	0.0791904890081601	-1.89411117552513
8.51880964438577	0.0072764902288649	-1.88434600901237
8.55689468837378	-0.0640883413741375	-1.86108341832271
8.5951925847605	-0.134703472264653	-1.82440933517953
8.63387946852771	-0.204356839369885	-1.77433569992217
8.6731426880606	-0.272816250512599	-1.71079497435933
8.71318733410322	-0.339819491888812	-1.63362899266279
8.75424472140246	-0.405062192985874	-1.54257012837835
8.79658416865484	-0.468182119455977	-1.43721097408304
8.84016194448709	-0.528252260780367	-1.31800581680874
8.88200781359485	-0.580851881243329	-1.19461974793001
8.92246531763444	-0.626648599136879	-1.0682642289199
8.96156318113852	-0.665936737449467	-0.940655178036539
8.99990501891429	-0.699534317465964	-0.811247251627126
9.03816791656204	-0.72805031848044	-0.678806877803721
9.07635667665337	-0.751409205750456	-0.544196685423963
9.11454645826393	-0.769594664874975	-0.407973917497888
9.15279779042979	-0.782576144486344	-0.270696182605982
9.19116834911477	-0.790318350470476	-0.132898614078686
9.22971356503036	-0.79278219762415	0.0048909760643559
9.26848918408496	-0.789925956342096	0.142143886579126
9.30755425013458	-0.781705148915858	0.278322990148381
9.34697484656108	-0.768070749169516	0.412875905568059
9.38682877626924	-0.748965091844095	0.545227889737354
9.42721154453476	-0.724314771129019	0.674773352122406
9.46824429922016	-0.694019475740282	0.800864583842338
9.51008496924235	-0.657934942874464	0.922795876404435
9.55294501602974	-0.615846512951486	1.03978039485488
9.59754967611912	-0.566927419608266	1.15195379740026
9.64342703487845	-0.511646153174015	1.25599241956185
9.6875650230756	-0.454218357310832	1.34416834655597
9.7305142042388	-0.394861346103131	1.41782185819328
9.77246406334538	-0.334089918811317	1.47742544182841
9.81361592544205	-0.272301220646103	1.52343335178444
9.85415193216017	-0.209840137929572	1.55622034859977
9.89424254914571	-0.147009807000592	1.57609638169208
9.9340496953995	-0.0840847629479954	1.58331296547568
9.97373010396111	-0.0213213600457418	1.57806851838465
10	0.0200114388365554	1.56781839379018
