-4.995 -1.68101045692464
-4.985 -0.570156056043227
-4.975 -0.34819667731791
-4.965 -0.253227790218919
-4.955 -0.20059355592276
-4.945 -0.167206208234818
-4.935 -0.144186006546682
-4.925 -0.127389226966436
-4.915 -0.114622277868343
-4.905 -0.104615321903852
-4.895 -0.096582400201038
-4.885 -0.0900110574550739
-4.875 -0.0845529474456001
-4.865 -0.0799630587950042
-4.855 -0.0760640891632023
-4.845 -0.0727246105574988
-4.835 -0.0698451750195437
-4.825 -0.0673491845780446
-4.815 -0.0651767228131387
-4.805 -0.0632802849326756
-4.795 -0.0616217581329839
-4.785 -0.06017024522203
-4.775 -0.0589004692065377
-4.76500000000001 -0.057791585842768
-4.75500000000001 -0.0568262876459516
-4.74500000000001 -0.0559901194097998
-4.73500000000001 -0.0552709494292037
-4.72500000000001 -0.054658556860819
-4.71500000000001 -0.0541443067696524
-4.70500000000001 -0.0537208921336436
-4.69500000000001 -0.0533821275238733
-4.68500000000001 -0.0531227830689654
-4.67500000000001 -0.052938450126884
-4.66500000000001 -0.052825432147239
-4.65500000000001 -0.0527806557312774
-4.64500000000001 -0.0528015980362104
-4.63500000000001 -0.0528862275309747
-4.62500000000001 -0.0530329557667296
-4.61500000000001 -0.0532405983306939
-4.60500000000001 -0.0535083435449881
-4.59500000000001 -0.0538357277811156
-4.58500000000001 -0.0542226165064294
-4.57500000000001 -0.0546691903768715
-4.56500000000001 -0.0551759358522156
-4.55500000000001 -0.0557436399448794
-4.54500000000001 -0.0563733888281507
-4.53500000000001 -0.0570665701298377
-4.52500000000001 -0.0578248788274827
-4.51500000000001 -0.0586503267450469
-4.50500000000001 -0.0595452557317877
-4.49500000000001 -0.0605123546848069
-4.48500000000001 -0.0615546806604807
-4.47500000000001 -0.0626756844095308
-4.46500000000001 -0.0638792407691565
-4.45500000000001 -0.0651696844568365
-4.44500000000001 -0.0665518519383573
-4.43500000000001 -0.0680311301920945
-4.42500000000001 -0.069613513368643
-4.41500000000001 -0.0713056685567821
-4.40500000000001 -0.0731150121228353
-4.39500000000001 -0.0750497984022655
-4.38500000000001 -0.0771192229049054
-4.37500000000001 -0.0793335426676173
-4.36500000000001 -0.0817042169755066
-4.35500000000001 -0.084244072407532
-4.34500000000001 -0.0869674970876006
-4.33500000000001 -0.0898906701948735
-4.32500000000001 -0.0930318342835343
-4.31500000000001 -0.0964116198854342
-4.30500000000001 -0.100053434359062
-4.29500000000002 -0.103983930197231
-4.28500000000002 -0.108233572280324
-4.27500000000002 -0.112837329234707
-4.26500000000002 -0.1178355216549
-4.25500000000002 -0.123274870228605
-4.24500000000002 -0.129209800860397
-4.23500000000002 -0.135704083329645
-4.22500000000002 -0.142832907233652
-4.21500000000002 -0.150685537574606
-4.20500000000002 -0.159368747906038
-4.19500000000002 -0.169011310153108
-4.18500000000002 -0.179769940921475
-4.17500000000002 -0.19183728688434
-4.16500000000002 -0.205452814307314
-4.15500000000002 -0.220917914255474
-4.14500000000002 -0.238617258640208
-4.13500000000002 -0.259049648285225
-4.12500000000002 -0.282873668548708
-4.11500000000002 -0.31097716580623
-4.10500000000002 -0.344586425382073
-4.09500000000002 -0.385444304646427
-4.08500000000002 -0.436114107910652
-4.07500000000002 -0.500526562164976
-4.06500000000002 -0.585031694609492
-4.05500000000002 -0.700598214319022
-4.04500000000002 -0.867945404552428
-4.03500000000002 -1.13147254710966
-4.02500000000002 -1.60661896864864
-4.01500000000002 -2.71666427843527
-4.00500000000002 -8.27113147866148
-3.99500000000002 8.39664723237348
-3.98500000000002 2.84222793937949
-3.97500000000002 1.73227846965804
-3.96500000000002 1.25727597843766
-3.95500000000002 0.993941069597702
-3.94500000000002 0.826834699721466
-3.93500000000002 0.711557942308088
-3.92500000000002 0.627391942809849
-3.91500000000002 0.563368495723028
-3.90500000000002 0.51313815393849
-3.89500000000002 0.47277084898416
-3.88500000000002 0.439704015668098
-3.87500000000002 0.412195618797355
-3.86500000000002 0.389020281037742
-3.85500000000002 0.369291152887387
-3.84500000000002 0.352350738151114
-3.83500000000002 0.337701421219525
-3.82500000000003 0.324959815589091
-3.81500000000003 0.313825920345284
-3.80500000000003 0.304061769101526
-3.79500000000003 0.295476330247675
-3.78500000000003 0.28791462338743
-3.77500000000003 0.281249740461231
-3.76500000000003 0.275376906540802
-3.75500000000003 0.270208997756511
-3.74500000000003 0.265673116599509
-3.73500000000003 0.261707945547288
-3.72500000000003 0.258261681167376
-3.71500000000003 0.255290406418917
-3.70500000000003 0.252756797488798
-3.69500000000003 0.25062908872459
-3.68500000000003 0.248880238678106
-3.67500000000003 0.247487254343185
-3.66500000000003 0.246430640966872
-3.65500000000003 0.245693952429098
-3.64500000000003 0.245263422878198
-3.63500000000003 0.245127664606067
-3.62500000000003 0.245277420421124
-3.61500000000003 0.245705361296151
-3.60500000000003 0.246405922024669
-3.59500000000003 0.247375169154224
-3.58500000000003 0.248610696681977
-3.57500000000003 0.250111545974183
-3.56500000000003 0.25187814716536
-3.55500000000003 0.253912279948922
-3.54500000000003 0.256217052223941
-3.53500000000003 0.258796895538808
-3.52500000000003 0.261657576694353
-3.51500000000003 0.26480622525388
-3.50500000000003 0.268251377071696
-3.49500000000003 0.272003034308199
-3.48500000000003 0.276072742762248
-3.47500000000003 0.280473687732641
-3.46500000000003 0.285220810034274
-3.45500000000003 0.290330944255196
-3.44500000000003 0.295822981865987
-3.43500000000003 0.301718062401926
-3.42500000000003 0.308039796656232
-3.41500000000003 0.31481452667818
-3.40500000000003 0.322071628401074
-3.39500000000003 0.329843863977941
-3.38500000000003 0.338167792437992
-3.37500000000003 0.347084249170807
-3.36500000000003 0.356638907098067
-3.35500000000004 0.366882935334781
-3.34500000000004 0.3778737748456
-3.33500000000004 0.389676055294752
-3.32500000000004 0.402362683276259
-3.31500000000004 0.416016139805621
-3.30500000000004 0.430730034915732
-3.29500000000004 0.446610980197075
-3.28500000000004 0.463780857221153
-3.27500000000004 0.482379582478334
-3.26500000000004 0.502568499858108
-3.25500000000004 0.524534572822665
-3.24500000000004 0.548495604652334
-3.23500000000004 0.574706792900989
-3.22500000000004 0.603469033062119
-3.21500000000004 0.635139540876896
-3.20500000000004 0.670145584944817
-3.19500000000004 0.709002446092206
-3.18500000000004 0.752337202756278
-3.17500000000004 0.800920672742012
-3.16500000000004 0.855710971589845
-3.15500000000004 0.917913933731356
-3.14500000000004 0.989068537063502
-3.13500000000004 1.07117029565922
-3.12500000000004 1.16685388276321
-3.11500000000004 1.27967103729238
-3.10500000000004 1.4145272761931
-3.09500000000004 1.57839442752674
-3.08500000000004 1.78152613081454
-3.07500000000004 2.03964574082166
-3.06500000000004 2.37815383858676
-3.05500000000004 2.84092575906249
-3.04500000000004 3.51083916141284
-3.03500000000004 4.56549172758459
-3.02500000000004 6.46664134880524
-3.01500000000004 10.9074070779022
-3.00500000000004 33.125881571896
-2.99500000000004 -33.5446056934759
-2.98500000000004 -11.3262783384428
-2.97500000000004 -6.88580691689647
-2.96500000000004 -4.98509925450827
-2.95500000000004 -3.93103693026069
-2.94500000000004 -3.26186289040235
-2.93500000000004 -2.79998050298318
-2.92500000000004 -2.4625133755293
-2.91500000000004 -2.20558766075614
-2.90500000000004 -2.0038044911302
-2.89500000000004 -1.84144245679362
-2.88500000000005 -1.70825010087083
-2.87500000000005 -1.59725802283997
-2.86500000000005 -1.50356338621106
-2.85500000000005 -1.42361739438105
-2.84500000000005 -1.35478858819118
-2.83500000000005 -1.295084950377
-2.82500000000005 -1.24297129462839
-2.81500000000005 -1.19724588611736
-2.80500000000005 -1.15695503143139
-2.79500000000005 -1.12133267329001
-2.78500000000005 -1.08975684952149
-2.77500000000005 -1.06171777024121
-2.76500000000005 -1.03679405312618
-2.75500000000005 -1.01463478657575
-2.74500000000005 -0.994945821665206
-2.73500000000005 -0.977479176619164
-2.72500000000005 -0.962024762348515
-2.71500000000005 -0.948403859846315
-2.70500000000005 -0.936463934696028
-2.69500000000005 -0.926074482837385
-2.68500000000005 -0.917123679528849
-2.67500000000005 -0.909515659711226
-2.66500000000005 -0.903168299143605
-2.65500000000005 -0.898011396128369
-2.64500000000005 -0.893985176391048
-2.63500000000005 -0.891039060843069
-2.62500000000005 -0.889130649026584
-2.61500000000005 -0.888224881085594
-2.60500000000005 -0.88829334889894
-2.59500000000005 -0.88931373310944
-2.58500000000005 -0.891269347604888
-2.57500000000005 -0.894148776857708
-2.56500000000005 -0.89794559464451
-2.55500000000005 -0.902658155218413
-2.54500000000005 -0.908289450133863
-2.53500000000005 -0.914847025729682
-2.52500000000005 -0.922342957847587
-2.51500000000005 -0.930793881767379
-2.50500000000005 -0.94022107663628
-2.49500000000005 -0.950650604907139
-2.48500000000005 -0.962113508526415
-2.47500000000005 -0.974646064870909
-2.46500000000005 -0.988290106768738
-2.45500000000005 -1.00309341240168
-2.44500000000005 -1.0191101725283
-2.43500000000005 -1.03640154435059
-2.42500000000005 -1.05503630354756
-2.41500000000006 -1.07509160860594
-2.40500000000006 -1.09665389470562
-2.39500000000006 -1.11981991820507
-2.38500000000006 -1.14469797740256
-2.37500000000006 -1.17140934095143
-2.36500000000006 -1.20008992238494
-2.35500000000006 -1.23089224804814
-2.34500000000006 -1.26398777685847
-2.33500000000006 -1.29956964440794
-2.32500000000006 -1.33785592189349
-2.31500000000006 -1.37909350345555
-2.30500000000006 -1.42356276539641
-2.29500000000006 -1.47158317974927
-2.28500000000006 -1.52352011597139
-2.27500000000006 -1.57979313261644
-2.26500000000006 -1.6408861520366
-2.25500000000006 -1.70736003453765
-2.24500000000006 -1.77986823709668
-2.23500000000006 -1.85917647503453
-2.22500000000006 -1.94618763162517
-2.21500000000006 -2.04197362391903
-2.20500000000006 -2.14781659974792
-2.19500000000006 -2.26526281526436
-2.18500000000006 -2.39619399077847
-2.17500000000006 -2.54292313595559
-2.16500000000006 -2.70832522508151
-2.15500000000006 -2.89601846092204
-2.14500000000006 -3.11062054906427
-2.13500000000006 -3.35811887689113
-2.12500000000006 -3.64641838363439
-2.11500000000006 -3.98617528116502
-2.10500000000006 -4.39210719257868
-2.09500000000006 -4.88513075319415
-2.08500000000006 -5.49600811356148
-2.07500000000006 -6.27191065302482
-2.06500000000006 -7.28904151526598
-2.05500000000006 -8.6790281939325
-2.04500000000006 -10.690505246497
-2.03500000000006 -13.8562673932108
-2.02500000000006 -19.5615900801189
-2.01500000000006 -32.8858323398279
-2.00500000000006 -99.5432741231239
-1.99500000000006 100.466094052386
-1.98500000000006 33.8089408402987
-1.97500000000006 20.4852755777836
-1.96500000000006 14.7808192896256
-1.95500000000006 11.6162141289256
-1.94500000000006 9.60618621223836
-1.93500000000006 8.21794277625809
-1.92500000000006 7.20285162342499
-1.91500000000006 6.42928803110561
-1.90500000000006 5.82105204673434
-1.89500000000006 5.33097591241848
-1.88500000000006 4.9283015410131
-1.87500000000006 4.59211681566556
-1.86500000000006 4.30770910149525
-1.85500000000006 4.06442766095834
-1.84500000000006 3.85437353340432
-1.83500000000006 3.67156583431916
-1.82500000000006 3.5113939073255
-1.81500000000006 3.37024716942067
-1.80500000000006 3.24525886316531
-1.79500000000006 3.13412482184579
-1.78500000000006 3.03497282591756
-1.77500000000006 2.94626681241957
-1.76500000000006 2.86673555689403
-1.75500000000006 2.79531883701636
-1.74500000000006 2.73112628047114
-1.73500000000006 2.67340554805355
-1.72500000000006 2.62151747739981
-1.71500000000006 2.57491647948286
-1.70500000000006 2.53313494335286
-1.69500000000006 2.49577073124685
-1.68500000000006 2.46247707953505
-1.67500000000006 2.43295438972762
-1.66500000000006 2.40694351721778
-1.65500000000006 2.3842202567209
-1.64500000000006 2.36459079155438
-1.63500000000006 2.34788792532155
-1.62500000000006 2.33396795369485
-1.61500000000006 2.3227080640389
-1.60500000000006 2.31400417388178
-1.59500000000006 2.30776913741906
-1.58500000000006 2.30393126355869
-1.57500000000006 2.30243310040865
-1.56500000000006 2.3032304502632
-1.55500000000006 2.30629158658309
-1.54500000000006 2.31159665059072
-1.53500000000006 2.31913721022479
-1.52500000000006 2.32891596856518
-1.51500000000006 2.34094661264499
-1.50500000000006 2.35525379697392
-1.49500000000006 2.37187325924335
-1.48500000000006 2.39085206868817
-1.47500000000006 2.41224901055554
-1.46500000000006 2.43613511318496
-1.45500000000006 2.46259432744616
-1.44500000000006 2.49172437183171
-1.43500000000006 2.52363776049372
-1.42500000000006 2.55846303610286
-1.41500000000006 2.59634623478339
-1.40500000000006 2.63745261676704
-1.39500000000006 2.68196870410117
-1.38500000000006 2.73010467610512
-1.37500000000006 2.78209718475966
-1.36500000000006 2.83821266644042
-1.35500000000006 2.89875124415338
-1.34500000000006 2.96405133673315
-1.33500000000006 3.03449511969255
-1.32500000000006 3.11051501840239
-1.31500000000006 3.19260146049963
-1.30500000000006 3.28131217423874
-1.29500000000006 3.37728339752461
-1.28500000000006 3.48124346499464
-1.27500000000006 3.59402937670244
-1.26500000000006 3.71660713436293
-1.25500000000006 3.85009687788245
-1.24500000000006 3.99580419228207
-1.23500000000006 4.15525942170225
-1.22500000000006 4.33026748036601
-1.21500000000006 4.52297157698068
-1.20500000000006 4.73593560244421
-1.19500000000006 4.97225187950531
-1.18500000000006 5.23568386985102
-1.17500000000006 5.53085782070348
-1.16500000000006 5.86352411230152
-1.15500000000006 6.2409197832871
-1.14500000000006 6.67228107774293
-1.13500000000006 7.16958380216269
-1.12500000000006 7.74863906522317
-1.11500000000006 8.43076071966417
-1.10500000000006 9.24538564037825
-1.09500000000006 10.2343489279419
-1.08500000000006 11.4591769167759
-1.07500000000006 13.0142146050268
-1.06500000000006 15.0518707290246
-1.05500000000006 17.8354029385317
-1.04500000000006 21.8620832290871
-1.03500000000006 28.1975041451849
-1.02500000000006 39.6122199122429
-1.01500000000006 66.2649521647574
-1.00500000000006 199.584264616902
-0.995000000000063 -200.429857634479
-0.985000000000063 -67.110747567992
-0.975000000000063 -40.4584192661228
-0.965000000000063 -29.0443099041145
-0.955000000000063 -22.7096986220497
-0.945000000000063 -18.684032182804
-0.935000000000063 -15.9017192720597
-0.925000000000063 -13.8654893750934
-0.915000000000063 -12.3120865795675
-0.905000000000063 -11.0891041490292
-0.895000000000063 -10.1021993540333
-0.885000000000063 -9.28984840480999
-0.875000000000063 -8.61021902937316
-0.865000000000063 -8.03387747428886
-0.855000000000063 -7.53951331107798
-0.845000000000063 -7.11131916913118
-0.835000000000063 -6.73732330597587
-0.825000000000063 -6.40829388086923
-0.815000000000063 -6.1169986124987
-0.805000000000063 -5.85769224801356
-0.795000000000063 -5.62575405521339
-0.785000000000063 -5.41742649426302
-0.775000000000063 -5.22962359204489
-0.765000000000063 -5.05978825791813
-0.755000000000063 -4.90578455896387
-0.745000000000063 -4.7658153594223
-0.735000000000063 -4.63835862587306
-0.725000000000063 -4.52211764851487
-0.715000000000063 -4.41598176231325
-0.705000000000063 -4.31899507841677
-0.695000000000063 -4.23033138946357
-0.685000000000063 -4.1492738790167
-0.675000000000063 -4.07519860279393
-0.665000000000063 -4.00756095616775
-0.655000000000063 -3.94588452487324
-0.645000000000063 -3.8897518521071
-0.635000000000063 -3.83879675790088
-0.625000000000063 -3.79269792475427
-0.615000000000063 -3.75117352342297
-0.605000000000063 -3.71397669908041
-0.595000000000063 -3.68089177418354
-0.585000000000063 -3.65173105274065
-0.575000000000063 -3.62633213314377
-0.565000000000063 -3.60455565466208
-0.555000000000063 -3.58628341713684
-0.545000000000063 -3.5714168251628
-0.535000000000063 -3.5598756176952
-0.525000000000063 -3.55159685206204
-0.515000000000063 -3.54653411815732
-0.505000000000063 -3.54465696444589
-0.495000000000063 -3.54595052256897
-0.485000000000062 -3.55041532200208
-0.475000000000062 -3.55806729056957
-0.465000000000062 -3.56893794081613
-0.455000000000062 -3.58307474643432
-0.445000000000062 -3.60054171729697
-0.435000000000062 -3.62142018630864
-0.425000000000062 -3.64580982644674
-0.415000000000062 -3.67382992221866
-0.405000000000062 -3.70562092655787
-0.395000000000062 -3.74134634222129
-0.385000000000062 -3.78119497640578
-0.375000000000062 -3.82538362904472
-0.365000000000062 -3.87416028969135
-0.355000000000062 -3.92780793582802
-0.345000000000062 -3.98664904790628
-0.335000000000062 -4.05105098478976
-0.325000000000062 -4.12143239938336
-0.315000000000062 -4.19827092055724
-0.305000000000062 -4.28211238738179
-0.295000000000062 -4.37358199979458
-0.285000000000062 -4.47339785251834
-0.275000000000062 -4.58238745529584
-0.265000000000062 -4.70150802496935
-0.255000000000062 -4.83187158174272
-0.245000000000062 -4.97477621939148
-0.235000000000062 -5.13174538580254
-0.225000000000062 -5.30457766344868
-0.215000000000062 -5.49541046603183
-0.205000000000062 -5.70680240094558
-0.195000000000062 -5.94184099600922
-0.185000000000062 -6.20428538577381
-0.175000000000062 -6.49875793932698
-0.165000000000062 -6.83100559083166
-0.155000000000062 -7.20826234969702
-0.145000000000062 -7.63976183401611
-0.135000000000062 -8.13747761545513
-0.125000000000062 -8.71721894837663
-0.115000000000062 -9.40029820242613
-0.105000000000062 -10.2161511326186
-0.0950000000000622 -11.2066120760971
-0.0850000000000622 -12.4332069547027
-0.0750000000000622 -13.9902807004047
-0.0650000000000622 -16.0302423264123
-0.0550000000000622 -18.8163501001523
-0.0450000000000622 -22.8458769743977
-0.0350000000000622 -29.1844167902687
-0.0250000000000622 -40.6025254100525
-0.0150000000000622 -67.2589264472362
-0.00500000000006219 -200.58218594003
0.00499999999993781 199.427704877951
0.0149999999999378 66.1040852066542
0.0249999999999378 39.4469581005892
0.0349999999999378 28.0277585723036
0.0449999999999378 21.687761809199
0.0549999999999378 17.6564101080172
0.0649999999999378 14.8681072631342
0.0749999999999378 12.825577451231
0.0849999999999378 11.2655590266873
0.0949999999999378 10.0356390826233
0.104999999999938 9.04146826687767
0.114999999999938 8.2215156975091
0.124999999999938 7.53394152188472
0.134999999999938 6.94930389658289
0.144999999999938 6.44628377101454
0.154999999999938 6.00906459553386
0.164999999999938 5.62566486474684
0.174999999999938 5.28684236183766
0.184999999999938 4.98535378452126
0.194999999999938 4.71544217965088
0.204999999999938 4.47247439809126
0.214999999999938 4.25267972598686
0.224999999999938 4.05295821527004
0.234999999999938 3.87073795188328
0.244999999999938 3.7038672794675
0.254999999999938 3.55053238285809
0.264999999999938 3.40919353253547
0.274999999999938 3.27853523993677
0.284999999999938 3.15742690689635
0.294999999999938 3.0448914790562
0.304999999999938 2.94008026624543
0.314999999999938 2.84225255936931
0.324999999999938 2.75075901069348
0.334999999999938 2.66502799112382
0.344999999999938 2.58455432043766
0.354999999999938 2.50888990254479
0.364999999999938 2.43763590041624
0.374999999999938 2.37043616326377
0.384999999999938 2.30697167827584
0.394999999999938 2.24695586533294
0.404999999999938 2.19013056899175
0.414999999999938 2.13626263011781
0.424999999999938 2.08514094168655
0.434999999999938 2.03657391083303
0.444999999999938 1.99038726323873
0.454999999999938 1.9464221371818
0.464999999999938 1.90453342363932
0.474999999999938 1.8645883161756
0.484999999999938 1.82646504033309
0.494999999999938 1.79005173713666
0.504999999999938 1.75524547934468
0.514999999999938 1.72195140239939
0.524999999999938 1.69008193477956
0.534999999999938 1.65955611474586
0.544999999999938 1.63029898237932
0.554999999999938 1.60224103741341
0.564999999999938 1.57531775470536
0.574999999999938 1.54946915032719
0.584999999999938 1.52463939221659
0.594999999999938 1.50077645014351
0.604999999999938 1.47783178044079
0.614999999999938 1.45576004154022
0.624999999999938 1.43451883686195
0.634999999999938 1.41406848203995
0.644999999999938 1.39437179384089
0.654999999999938 1.3753938984564
0.664999999999938 1.35710205712815
0.674999999999938 1.33946550730661
0.684999999999938 1.32245531775503
0.694999999999938 1.30604425619299
0.704999999999938 1.29020666823297
0.714999999999938 1.2749183665037
0.724999999999938 1.26015652897552
0.734999999999938 1.24589960561038
0.744999999999938 1.23212723255374
0.754999999999938 1.21882015316792
0.764999999999938 1.20596014528041
0.774999999999938 1.19352995408499
0.784999999999938 1.18151323019082
0.794999999999938 1.16989447236572
0.804999999999938 1.1586589745648
0.814999999999938 1.14779277687573
0.824999999999938 1.13728262004806
0.834999999999938 1.12711590330522
0.844999999999938 1.11728064516726
0.854999999999938 1.10776544703709
0.864999999999938 1.09855945932619
0.874999999999938 1.08965234991645
0.884999999999938 1.08103427477282
0.894999999999938 1.07269585053817
0.904999999999938 1.06462812895696
0.914999999999938 1.05682257298722
0.924999999999938 1.04927103447303
0.934999999999938 1.04196573326018
0.944999999999938 1.03489923764814
0.954999999999938 1.02806444607986
0.964999999999938 1.02145456997957
0.974999999999938 1.01506311765594
0.984999999999938 1.00888387919466
0.994999999999938 1.00291091227053
1.00499999999994 0.997138524377351
1.01499999999994 0.991561278095701
1.02499999999994 0.986173952512276
1.03499999999994 0.980971550028882
1.04499999999994 0.975949281412604
1.05499999999994 0.971102555939851
1.06499999999994 0.9664269721028
1.07499999999994 0.961918308841529
1.08499999999994 0.957572517267721
1.09499999999994 0.953385712848585
1.10499999999994 0.949354168021592
1.11499999999994 0.945474305213034
1.12499999999994 0.941742690235121
1.13499999999994 0.938156026038256
1.14499999999994 0.934711146796711
1.15499999999994 0.931405012307377
1.16499999999994 0.928234702682878
1.17499999999994 0.925197413321261
1.18499999999994 0.922290450136122
1.19499999999994 0.919511225031629
1.20499999999994 0.91685725160843
1.21499999999994 0.914326141086917
1.22499999999994 0.911915598435506
1.23499999999994 0.909623418692329
1.24499999999994 0.907447483469311
1.25499999999994 0.905385757628591
1.26499999999994 0.903436286121686
1.27499999999994 0.901597190982408
1.28499999999994 0.899866668465268
1.29499999999994 0.898242986321389
1.30499999999994 0.896724481204672
1.31499999999994 0.895309556201161
1.32499999999994 0.893996678475208
1.33499999999994 0.892784377026312
1.34499999999994 0.891671240550832
1.35499999999994 0.890655915403244
1.36499999999994 0.889737103651777
1.37499999999994 0.888913561223766
1.38499999999994 0.888184096136053
1.39499999999994 0.887547566806371
1.40499999999994 0.887002880441525
1.41499999999994 0.886548991498758
1.42499999999994 0.886184900216654
1.43499999999994 0.88590965121224
1.44499999999994 0.885722332141114
1.45499999999994 0.885622072417599
1.46499999999994 0.885608041992167
1.47499999999994 0.885679450183297
1.48499999999994 0.885835544561435
1.49499999999994 0.886075609882535
1.50499999999994 0.886398967068953
1.51499999999994 0.886804972235579
1.52499999999994 0.887293015759165
1.53499999999994 0.887862521388935
1.54499999999994 0.888512945396627
1.55499999999994 0.889243775764341
1.56499999999994 0.890054531408436
1.57499999999994 0.890944761438035
1.58499999999994 0.891914044446611
1.59499999999994 0.892961987835296
1.60499999999994 0.894088227166585
1.61499999999994 0.895292425547143
1.62499999999994 0.896574273038635
1.63499999999994 0.897933486095284
1.64499999999994 0.899369807027283
1.65499999999994 0.900883003488856
1.66499999999994 0.902472867990136
1.67499999999994 0.904139217431877
1.68499999999994 0.905881892662115
1.69499999999994 0.907700758054051
1.70499999999994 0.909595701104163
1.71499999999994 0.911566632050069
1.72499999999994 0.913613483507172
1.73499999999994 0.915736210123553
1.74499999999994 0.917934788252462
1.75499999999994 0.9202092156417
1.76499999999994 0.922559511139441
1.77499999999994 0.924985714415789
1.78499999999994 0.92748788569972
1.79499999999994 0.930066105530682
1.80499999999994 0.932720474524593
1.81499999999994 0.935451113153659
1.82499999999994 0.938258161539575
1.83499999999994 0.941141779259784
1.84499999999994 0.944102145166267
1.85499999999994 0.947139457216644
1.86499999999994 0.950253932317084
1.87499999999994 0.953445806176834
1.88499999999994 0.956715333173878
1.89499999999994 0.960062786231596
1.90499999999994 0.963488456705984
1.91499999999994 0.966992654283244
1.92499999999994 0.970575706887489
1.93499999999994 0.974237960598203
1.94499999999994 0.97797977957743
1.95499999999994 0.9818015460062
1.96499999999994 0.985703660030217
1.97499999999994 0.989686539714487
1.98499999999994 0.993750621006674
1.99499999999994 0.997896357709116
2.00499999999994 1.00212421699918
2.01499999999994 1.00643469726707
2.02499999999994 1.01082830132502
2.03499999999994 1.01530555427983
2.04499999999994 1.01986699907611
2.05499999999994 1.02451319651648
2.06499999999994 1.02924472528942
2.07499999999994 1.03406218200458
2.08499999999994 1.03896618123542
2.09499999999994 1.04395735556914
2.10499999999994 1.0490363556638
2.11499999999994 1.05420385031247
2.12499999999994 1.05946052651445
2.13499999999994 1.06480708955336
2.14499999999994 1.07024426308217
2.15499999999994 1.07577278921496
2.16499999999994 1.08139342862549
2.17499999999994 1.08710696065242
2.18499999999994 1.09291418341124
2.19499999999994 1.09881591391274
2.20499999999993 1.1048129881881
2.21499999999993 1.11090626142054
2.22499999999993 1.11709660808344
2.23499999999993 1.12338492208497
2.24499999999993 1.12977211691923
2.25499999999993 1.13625912582383
2.26499999999993 1.14284690194387
2.27499999999993 1.14953641850251
2.28499999999993 1.1563286689778
2.29499999999993 1.16322466728614
2.30499999999993 1.17022544797204
2.31499999999993 1.17733206640447
2.32499999999993 1.18454559897959
2.33499999999993 1.19186714333007
2.34499999999993 1.19929781854081
2.35499999999993 1.20683876537133
2.36499999999993 1.21449114648462
2.37499999999993 1.22225614668262
2.38499999999993 1.23013497314838
2.39499999999993 1.23812885569483
2.40499999999993 1.24623904702028
2.41499999999993 1.25446682297068
2.42499999999993 1.26281348280867
2.43499999999993 1.27128034948951
2.44499999999993 1.27986876994385
2.45499999999993 1.28858011536755
2.46499999999993 1.29741578151846
2.47499999999993 1.3063771890203
2.48499999999993 1.31546578367367
2.49499999999993 1.32468303677433
2.50499999999993 1.3340304454387
2.51499999999993 1.34350953293683
2.52499999999993 1.35312184903267
2.53499999999993 1.36286897033194
2.54499999999993 1.37275250063772
2.55499999999993 1.38277407131349
2.56499999999993 1.39293534165413
2.57499999999993 1.40323799926484
2.58499999999993 1.41368376044781
2.59499999999993 1.42427437059723
2.60499999999993 1.4350116046023
2.61499999999993 1.44589726725857
2.62499999999993 1.45693319368771
2.63499999999993 1.46812124976572
2.64499999999993 1.47946333255981
2.65499999999993 1.49096137077399
2.66499999999992 1.50261732520351
2.67499999999992 1.51443318919832
2.68499999999992 1.5264109891356
2.69499999999992 1.53855278490154
2.70499999999992 1.55086067038252
2.71499999999992 1.5633367739658
2.72499999999992 1.57598325904979
2.73499999999992 1.58880232456429
2.74499999999992 1.60179620550047
2.75499999999992 1.6149671734511
2.76499999999992 1.62831753716103
2.77499999999992 1.64184964308796
2.78499999999992 1.65556587597392
2.79499999999992 1.66946865942749
2.80499999999992 1.68356045651681
2.81499999999992 1.6978437703738
2.82499999999992 1.71232114480964
2.83499999999992 1.72699516494162
2.84499999999992 1.74186845783168
2.85499999999992 1.75694369313679
2.86499999999992 1.77222358377127
2.87499999999992 1.78771088658147
2.88499999999992 1.80340840303267
2.89499999999992 1.81931897990878
2.90499999999992 1.83544551002481
2.91499999999992 1.85179093295233
2.92499999999992 1.86835823575832
2.93499999999992 1.88515045375743
2.94499999999992 1.902170671278
2.95499999999992 1.91942202244202
2.96499999999992 1.93690769195929
2.97499999999992 1.95463091593601
2.98499999999992 1.97259498269815
2.99499999999992 1.99080323362959
3.00499999999992 2.00925905508325
3.01499999999992 2.02796591499306
3.02499999999992 2.04692731018306
3.03499999999992 2.06614680295936
3.04499999999992 2.08562801311054
3.05499999999992 2.10537461884126
3.06499999999992 2.12539035772255
3.07499999999992 2.14567902765941
3.08499999999992 2.16624448787574
3.09499999999992 2.18709065991724
3.10499999999992 2.20822152867218
3.11499999999992 2.22964114341076
3.12499999999992 2.2513536188431
3.13499999999991 2.27336313619632
3.14499999999991 2.29567394431115
3.15499999999991 2.31829036075813
3.16499999999991 2.34121677297406
3.17499999999991 2.3644576394189
3.18499999999991 2.38801749075345
3.19499999999991 2.41190093103834
3.20499999999991 2.43611263895464
3.21499999999991 2.46065736904637
3.22499999999991 2.48553995298553
3.23499999999991 2.51076530085978
3.24499999999991 2.53633840248354
3.25499999999991 2.5622643287326
3.26499999999991 2.58854823290273
3.27499999999991 2.61519535209308
3.28499999999991 2.64221100861415
3.29499999999991 2.66960061142156
3.30499999999991 2.69736965757541
3.31499999999991 2.7255237337262
3.32499999999991 2.7540685176274
3.33499999999991 2.78300977967556
3.34499999999991 2.81235338447806
3.35499999999991 2.84210529244935
3.36499999999991 2.87227156143598
3.37499999999991 2.90285834837107
3.38499999999991 2.93387191095873
3.39499999999991 2.96531860938896
3.40499999999991 2.99720490808363
3.41499999999991 3.02953737747403
3.42499999999991 3.06232269581087
3.43499999999991 3.09556765100677
3.44499999999991 3.12927914251254
3.45499999999991 3.16346418322716
3.46499999999991 3.19812990144284
3.47499999999991 3.23328354282506
3.48499999999991 3.26893247242889
3.49499999999991 3.30508417675177
3.50499999999991 3.34174626582379
3.51499999999991 3.37892647533596
3.52499999999991 3.4166326688073
3.53499999999991 3.4548728397913
3.54499999999991 3.49365511412282
3.55499999999991 3.53298775220576
3.56499999999991 3.57287915134267
3.57499999999991 3.61333784810677
3.58499999999991 3.6543725207574
3.59499999999991 3.69599199169962
3.6049999999999 3.7382052299888
3.6149999999999 3.78102135388096
3.6249999999999 3.82444963343004
3.6349999999999 3.86849949313246
3.6449999999999 3.91318051462048
3.6549999999999 3.95850243940471
3.6649999999999 4.00447517166714
3.6749999999999 4.05110878110528
3.6849999999999 4.09841350582886
3.6949999999999 4.14639975530943
3.7049999999999 4.1950781133845
3.7149999999999 4.24445934131692
3.7249999999999 4.29455438091045
3.7349999999999 4.3453743576831
3.7449999999999 4.39693058409854
3.7549999999999 4.44923456285755
3.7649999999999 4.50229799025001
3.7749999999999 4.55613275956883
3.7849999999999 4.61075096458711
3.7949999999999 4.66616490309957
3.8049999999999 4.72238708052939
3.8149999999999 4.779430213602
3.8249999999999 4.83730723408698
3.8349999999999 4.89603129260925
3.8449999999999 4.95561576253088
3.8549999999999 5.01607424390527
3.8649999999999 5.07742056750444
3.8749999999999 5.13966879892144
3.8849999999999 5.20283324274897
3.8949999999999 5.26692844683566
3.9049999999999 5.33196920662178
3.9149999999999 5.39797056955574
3.9249999999999 5.46494783959278
3.9349999999999 5.53291658177777
3.9449999999999 5.60189262691341
3.9549999999999 5.67189207631588
3.9649999999999 5.74293130665898
3.9749999999999 5.81502697490931
3.9849999999999 5.88819602335364
3.9949999999999 5.96245568472032
4.0049999999999 6.03782346052483
4.0149999999999 6.11431723370377
4.0249999999999 6.19195511330344
4.0349999999999 6.27075554698133
4.0449999999999 6.35073729992124
4.0549999999999 6.4319194605597
4.0649999999999 6.51432144641927
4.0749999999999 6.59796301005234
4.0849999999999 6.68286424509628
4.09499999999989 6.76904559244349
4.10499999999989 6.85652784652676
4.11499999999989 6.94533216172417
4.12499999999989 7.03548005888428
4.13499999999989 7.1269934319751
4.14499999999989 7.21989455485816
4.15499999999989 7.31420608819151
4.16499999999989 7.40995108646251
4.17499999999989 7.50715300515463
4.18499999999989 7.6058357080493
4.19499999999989 7.7060234746671
4.20499999999989 7.80774100784921
4.21499999999989 7.91101344148369
4.22499999999989 8.01586634837788
4.23499999999989 8.12232574828096
4.24499999999989 8.23041811605863
4.25499999999989 8.34017039002417
4.26499999999989 8.45160998042697
4.27499999999989 8.56476477810438
4.28499999999989 8.67966316329701
4.29499999999989 8.79633401463358
4.30499999999989 8.91480671828622
4.31499999999989 9.03511117730187
4.32499999999989 9.15727782111061
4.33499999999989 9.28133761521754
4.34499999999989 9.40732207107857
4.35499999999989 9.53526325616708
4.36499999999989 9.66519380423148
4.37499999999989 9.79714692575184
4.38499999999989 9.93115641859473
4.39499999999989 10.067256678875
4.40499999999989 10.2054827120241
4.41499999999989 10.3458701440733
4.42499999999989 10.4884552331516
4.43499999999989 10.6332748812077
4.44499999999989 10.7803666459551
4.45499999999989 10.9297687530493
4.46499999999989 11.0815201084988
4.47499999999989 11.2356603113165
4.48499999999989 11.3922296664141
4.49499999999989 11.5512691977468
4.50499999999989 11.7128206617117
4.51499999999989 11.8769265608053
4.52499999999989 12.0436301575451
4.53499999999989 12.2129754886616
4.54499999999989 12.3850073795647
4.55499999999989 12.5597714590909
4.56499999999988 12.7373141745359
4.57499999999988 12.917682806981
4.58499999999988 13.1009254869145
4.59499999999988 13.2870912101595
4.60499999999988 13.4762298541088
4.61499999999988 13.6683921942789
4.62499999999988 13.8636299211831
4.63499999999988 14.0619956575357
4.64499999999988 14.2635429757909
4.65499999999988 14.4683264160235
4.66499999999988 14.6764015041592
4.67499999999988 14.8878247705612
4.68499999999988 15.1026537689784
4.69499999999988 15.3209470958675
4.70499999999988 15.5427644100887
4.71499999999988 15.7681664529914
4.72499999999988 15.9972150688905
4.73499999999988 16.2299732259455
4.74499999999988 16.4665050374481
4.75499999999988 16.7068757835293
4.76499999999988 16.9511519332903
4.77499999999988 17.1994011673713
4.78499999999988 17.4516924009612
4.79499999999988 17.708095807262
4.80499999999988 17.9686828414133
4.81499999999988 18.2335262648906
4.82499999999988 18.5027001703817
4.83499999999988 18.7762800071554
4.84499999999988 19.0543426069301
4.85499999999988 19.3369662102537
4.86499999999988 19.6242304934035
4.87499999999988 19.9162165958196
4.88499999999988 20.2130071480786
4.89499999999988 20.5146863004237
4.90499999999988 20.8213397518568
4.91499999999988 21.1330547798096
4.92499999999988 21.4499202704004
4.93499999999988 21.7720267492943
4.94499999999988 22.0994664131721
4.95499999999988 22.432333161828
4.96499999999988 22.7707226309015
4.97499999999988 23.1147322252634
4.98499999999988 23.464461153063
4.99499999999988 23.8200104604563
