0.01 4.59947986716721
0.02 3.90080450528345
0.03 3.48997103268698
0.04 3.19707816307097
0.05 2.96887919041412
0.06 2.78165545250186
0.07 2.62275375008187
0.08 2.48462046367448
0.09 2.36238268348345
0.1 2.25271264138442
0.11 2.15323626881452
0.12 2.06220019345746
0.13 1.97827248615019
0.14 1.90041745958348
0.15 1.82781376614359
0.16 1.7597989821647
0.17 1.69583102139835
0.18 1.63546059417729
0.19 1.57831112248967
0.2 1.52406381262914
0.21 1.47244637341122
0.22 1.42322436108924
0.23 1.37619444958534
0.24 1.33117913387389
0.25 1.28802251515743
0.26 1.2465869130416
0.27 1.20675011729395
0.28 1.16840313952515
0.29 1.13144835946632
0.3 1.09579798553013
0.31 1.06137276779073
0.32 1.02810091527544
0.33 0.99591717982979
0.34 0.964762076708303
0.35 0.934581218103001
0.36 0.905324740514871
0.37 0.876946810537365
0.38 0.849405196502853
0.39 0.822660895725711
0.4 0.796677808895579
0.41 0.771422454635046
0.42 0.746863718414528
0.43 0.722972630973933
0.44 0.699722172181569
0.45 0.677087096900871
0.46 0.655043779963457
0.47 0.633570077783619
0.48 0.612645204513005
0.49 0.592249620937209
0.5 0.572364934570578
0.51 0.552973809619341
0.52 0.534059885664103
0.53 0.515607704065824
0.54 0.497602641229695
0.55 0.480030847972596
0.56 0.462879194334823
0.57 0.44613521925856
0.58 0.429787084625726
0.59 0.41382353320867
0.6 0.398233850139652
0.61 0.383007827550491
0.62 0.368135732073772
0.63 0.353608274931058
0.64 0.339416584364325
0.65 0.325552180192868
0.66 0.31200695030143
0.67 0.298773128885657
0.68 0.285843276298947
0.69 0.273210260360853
0.7 0.260867239001003
0.71 0.248807644125399
0.72 0.237025166602506
0.73 0.225513742276981
0.74 0.214267538927221
0.75 0.203280944091057
0.76 0.192548553690738
0.77 0.182065161394843
0.78 0.171825748660157
0.79 0.161825475401779
0.8 0.152059671244274
0.81 0.142523827310655
0.820000000000001 0.133213588509827
0.830000000000001 0.124124746286378
0.840000000000001 0.115253231799636
0.850000000000001 0.106595109501683
0.860000000000001 0.0981465710864222
0.870000000000001 0.0899039297841927
0.880000000000001 0.0818636149781668
0.890000000000001 0.0740221671210874
0.900000000000001 0.0663762329320832
0.910000000000001 0.0589225608553051
0.920000000000001 0.0516579967631413
0.930000000000001 0.0445794798883984
0.940000000000001 0.0376840389707389
0.950000000000001 0.0309687886039277
0.960000000000001 0.0244309257713238
0.970000000000001 0.0180677265580146
0.980000000000001 0.011876543028798
0.990000000000001 0.00585480026195327
1 -1.09351000476821E-08
1.01 -0.00569031882087977
1.02 -0.0112185001446941
1.03 -0.0165868646330008
1.04 -0.021797661797222
1.05 -0.0268530831398745
1.06 -0.0317552642581793
1.07 -0.0365062868509076
1.08 -0.0411081806337784
1.09 -0.045562925168424
1.1 -0.0498724516096246
1.11 -0.0540386443751984
1.12 -0.0580633427426297
1.13 -0.0619483423763662
1.14 -0.0656953967893593
1.15 -0.0693062187422894
1.16 -0.0727824815836136
1.17 -0.0761258205335232
1.18 -0.0793378339146397
1.19 -0.0824200843319856
1.2 -0.0853740998049561
1.21 -0.0882013748534541
1.22 -0.0909033715405344
1.23 -0.0934815204736041
1.24 -0.0959372217662568
1.25 -0.0982718459624639
1.26 -0.100486734925003
1.27 -0.102583202689808
1.28 -0.104562536287738
1.29 -0.106425996535299
1.3 -0.108174818795809
1.31 -0.109810213712214
1.32 -0.111333367912924
1.33 -0.112745444691818
1.34 -0.114047584663628
1.35 -0.115240906395674
1.36 -0.116326507017106
1.37 -0.117305462806504
1.38 -0.11817882975885
1.39 -0.118947644132735
1.4 -0.119612922978575
1.41 -0.120175664648739
1.42 -0.120636849290192
1.43 -0.120997439320595
1.44 -0.121258379888262
1.45 -0.121420599316897
1.46 -0.121485009535542
1.47 -0.121452506494414
1.48 -0.121323970567197
1.49 -0.121100266940248
1.5 -0.120782245989369
1.51 -0.120370743644426
1.52 -0.119866581742562
1.53 -0.119270568370147
1.54 -0.118583498194124
1.55 -0.117806152783025
1.56 -0.116939300918115
1.57 -0.115983698894982
1.58 -0.114940090815941
1.59 -0.113809208873695
1.6 -0.112591773626339
1.61 -0.111288494264281
1.62 -0.109900068869228
1.63 -0.108427184665502
1.64 -0.106870518264096
1.65 -0.105230735899585
1.66 -0.103508493660236
1.67 -0.101704437711466
1.68 -0.0998192045130331
1.69 -0.0978534210299791
1.7 -0.0958077049377283
1.71 -0.0936826648213775
1.72 -0.0914789003695311
1.73 -0.0891970025627207
1.74 -0.086837553856697
1.75 -0.0844011283607266
1.76 -0.081888292011024
1.77 -0.0792996027395647
1.78 -0.0766356106383441
1.79 -0.0738968581192913
1.8 -0.0710838800699363
1.81 -0.0681972040049967
1.82 -0.0652373502140132
1.83 -0.0622048319051093
1.84 -0.0591001553451417
1.85 -0.0559238199960933
1.86 -0.0526763186481566
1.87 -0.0493581375493154
1.88 -0.0459697565317102
1.89 -0.0425116491348648
1.9 -0.0389842827257382
1.91 -0.0353881186159367
1.92 -0.0317236121759102
1.93 -0.0279912129464357
1.94 -0.0241913647473504
1.95 -0.0203245057836233
1.96 -0.0163910687489323
1.97 -0.0123914809266893
1.98 -0.00832616428872168
1.99 -0.00419553559154351
2 -1.09350982713252E-08
2.01 0.00426001203228743
2.02 0.00858412715148738
2.03 0.0129719376085443
2.04 0.0174230513560604
2.05 0.0219370810295586
2.06 0.0265136438657975
2.07 0.0311523616229086
2.08 0.0358528605023519
2.09 0.0406147710726303
2.1 0.0454377281947005
2.11 0.0503213709490467
2.12 0.0552653425643777
2.13 0.060269290347888
2.14 0.0653328656170447
2.15 0.0704557236328681
2.16 0.0756375235346627
2.17 0.0808779282761404
2.18 0.086176604562939
2.19 0.0915332227914523
2.2 0.0969474569889932
2.21 0.102418984755194
2.22 0.107947487204632
2.23 0.113532648910721
2.24 0.119174157850683
2.25 0.124871705351743
2.26 0.130624986038382
2.27 0.136433697780688
2.28 0.142297541643787
2.29 0.148216221838283
2.29999999999999 0.154189445671677
2.30999999999999 0.160216923500839
2.31999999999999 0.166298368685354
2.32999999999999 0.172433497541842
2.33999999999999 0.178622029299191
2.34999999999999 0.184863686054657
2.35999999999999 0.191158192730852
2.36999999999999 0.197505277033529
2.37999999999999 0.203904669410263
2.38999999999999 0.210356103009858
2.39999999999999 0.216859313642632
2.40999999999999 0.223414039741339
2.41999999999999 0.230020022322973
2.42999999999999 0.236677004951215
2.43999999999999 0.243384733699643
2.44999999999999 0.25014295711558
2.45999999999999 0.256951426184697
2.46999999999999 0.26380989429622
2.47999999999999 0.270718117208819
2.48999999999999 0.277675853017108
2.49999999999999 0.284682862118791
2.50999999999999 0.291738907182403
2.51999999999999 0.298843753115617
2.52999999999999 0.305997167034195
2.53999999999999 0.313198918231409
2.54999999999999 0.320448778148121
2.55999999999999 0.327746520343325
2.56999999999999 0.335091920465231
2.57999999999999 0.342484756222927
2.58999999999999 0.349924807358435
2.59999999999999 0.357411855619386
2.60999999999999 0.364945684732081
2.61999999999999 0.372526080375059
2.62999999999999 0.380152830153165
2.63999999999999 0.387825723572005
2.64999999999999 0.395544552012892
2.65999999999999 0.403309108708209
2.66999999999999 0.411119188717184
2.67999999999999 0.418974588902121
2.68999999999999 0.426875107904994
2.69999999999999 0.434820546124431
2.70999999999999 0.442810705693182
2.71999999999999 0.450845390455819
2.72999999999999 0.458924405946958
2.73999999999999 0.467047559369726
2.74999999999999 0.475214659574684
2.75999999999999 0.483425517039025
2.76999999999998 0.491679943846162
2.77999999999998 0.499977753665636
2.78999999999998 0.508318761733358
2.79999999999998 0.516702784832168
2.80999999999998 0.525129641272724
2.81999999999998 0.533599150874681
2.82999999999998 0.542111134948204
2.83999999999998 0.550665416275739
2.84999999999998 0.559261819094128
2.85999999999998 0.567900169076942
2.86999999999998 0.576580293317167
2.87999999999998 0.585302020310129
2.88999999999998 0.594065179936669
2.89999999999998 0.602869603446639
2.90999999999998 0.611715123442589
2.91999999999998 0.620601573863767
2.92999999999998 0.629528789970344
2.93999999999998 0.638496608327874
2.94999999999998 0.647504866792018
2.95999999999998 0.65655340449348
2.96999999999998 0.665642061823187
2.97999999999998 0.674770680417705
2.98999999999998 0.683939103144839
2.99999999999998 0.693147174089505
3.00999999999998 0.702394734103255
3.01999999999998 0.711681638564582
3.02999999999998 0.721007730662221
3.03999999999998 0.730372859212163
3.04999999999998 0.739776874179852
3.05999999999998 0.749219626667264
3.06999999999998 0.758700968900163
3.07999999999998 0.768220754215559
3.08999999999998 0.777778837049333
3.09999999999998 0.787375072924056
3.10999999999998 0.797009318437
3.11999999999998 0.806681431248277
3.12999999999998 0.816391270069199
3.13999999999998 0.826138694650785
3.14999999999998 0.835923565772417
3.15999999999998 0.845745745230716
3.16999999999998 0.855605095828487
3.17999999999998 0.865501481363915
3.18999999999998 0.875434766619839
3.19999999999998 0.885404817353244
3.20999999999998 0.895411500284835
3.21999999999998 0.905454683088798
3.22999999999998 0.915534234382728
3.23999999999997 0.925650023717611
3.24999999999997 0.935801921568047
3.25999999999997 0.945989799322551
3.26999999999997 0.956213529273974
3.27999999999997 0.966472984610114
3.28999999999997 0.976768039404408
3.29999999999997 0.987098568606757
3.30999999999997 0.99746444803452
3.31999999999997 1.00786555436355
3.32999999999997 1.01830176511942
3.33999999999997 1.02877295866877
3.34999999999997 1.0392790142107
3.35999999999997 1.04981981176834
3.36999999999997 1.06039523218054
3.37999999999997 1.07100515709362
3.38999999999997 1.08164946895326
3.39999999999997 1.09232805099651
3.40999999999997 1.10304078724387
3.41999999999997 1.11378756249154
3.42999999999997 1.12456826230364
3.43999999999997 1.13538277300473
3.44999999999997 1.14623098167219
3.45999999999997 1.15711277612894
3.46999999999997 1.16802804493608
3.47999999999997 1.17897667738568
3.48999999999997 1.1899585634937
3.49999999999997 1.20097359399292
3.50999999999997 1.21202166032607
3.51999999999997 1.22310265463892
3.52999999999997 1.2342164697736
3.53999999999997 1.24536299926182
3.54999999999997 1.25654213731843
3.55999999999997 1.26775377883476
3.56999999999997 1.27899781937233
3.57999999999997 1.29027415515643
3.58999999999997 1.30158268306986
3.59999999999997 1.31292330064679
3.60999999999997 1.32429590606665
3.61999999999997 1.33570039814803
3.62999999999997 1.34713667634281
3.63999999999997 1.3586046407302
3.64999999999997 1.370104192011
3.65999999999997 1.38163523150178
3.66999999999997 1.39319766112932
3.67999999999997 1.40479138342486
3.68999999999997 1.41641630151871
3.69999999999997 1.42807231913469
3.70999999999996 1.43975934058476
3.71999999999996 1.45147727076369
3.72999999999996 1.46322601514379
3.73999999999996 1.47500547976967
3.74999999999996 1.48681557125313
3.75999999999996 1.49865619676805
3.76999999999996 1.51052726404538
3.77999999999996 1.52242868136815
3.78999999999996 1.5343603575666
3.79999999999996 1.5463222020133
3.80999999999996 1.55831412461834
3.81999999999996 1.57033603582467
3.82999999999996 1.58238784660332
3.83999999999996 1.59446946844882
3.84999999999996 1.60658081337465
3.85999999999996 1.61872179390867
3.86999999999996 1.63089232308866
3.87999999999996 1.64309231445795
3.88999999999996 1.65532168206098
3.89999999999996 1.66758034043904
3.90999999999996 1.67986820462596
3.91999999999996 1.69218519014392
3.92999999999996 1.70453121299929
3.93999999999996 1.71690618967843
3.94999999999996 1.72931003714371
3.95999999999996 1.74174267282942
3.96999999999996 1.75420401463776
3.97999999999996 1.76669398093498
3.98999999999996 1.7792124905474
3.99999999999996 1.79175946275759
4.00999999999996 1.804334812864
4.01999999999996 1.81693846995133
4.02999999999996 1.82957035018347
4.03999999999996 1.84223037463026
4.04999999999996 1.85491846479914
4.05999999999996 1.86763454263152
4.06999999999996 1.88037853049924
4.07999999999996 1.893150351201
4.08999999999996 1.90594992795895
4.09999999999996 1.91877718441512
4.10999999999996 1.93163204462811
4.11999999999996 1.94451443306963
4.12999999999996 1.95742427462123
4.13999999999996 1.97036149457091
4.14999999999996 1.98332601860992
4.15999999999996 1.9963177728295
4.16999999999996 2.00933668371764
4.17999999999996 2.02238267815597
4.18999999999996 2.03545568341656
4.19999999999995 2.04855562715889
4.20999999999995 2.06168243742672
4.21999999999995 2.07483604264508
4.22999999999995 2.08801637161726
4.23999999999995 2.10122335352181
4.24999999999995 2.11445691790966
4.25999999999995 2.12771699470113
4.26999999999995 2.1410035141831
4.27999999999995 2.15431640700613
4.28999999999995 2.16765560418165
4.29999999999995 2.18102103707916
4.30999999999995 2.19441263742346
4.31999999999995 2.20783033729191
4.32999999999995 2.22127406911174
4.33999999999995 2.23474376565734
4.34999999999995 2.24823936004764
4.35999999999995 2.26176078574342
4.36999999999995 2.27530797654477
4.37999999999995 2.28888086658851
4.38999999999995 2.30247939034558
4.39999999999995 2.31610348261858
4.40999999999995 2.32975307853926
4.41999999999995 2.34342811356601
4.42999999999995 2.35712852348146
4.43999999999995 2.37085424439
4.44999999999995 2.38460521271542
4.45999999999995 2.39838136519854
4.46999999999995 2.41218263889481
4.47999999999995 2.42600897117203
4.48999999999995 2.439860299708
4.49999999999995 2.45373656248825
4.50999999999995 2.4676376978038
4.51999999999995 2.48156364424889
4.52999999999995 2.49551434071876
4.53999999999995 2.50948972640747
4.54999999999995 2.52348974080571
4.55999999999995 2.53751432369867
4.56999999999995 2.55156341516384
4.57999999999995 2.565636955569
4.58999999999995 2.57973488557
4.59999999999995 2.59385714610882
4.60999999999995 2.6080036784114
4.61999999999995 2.62217442398567
4.62999999999995 2.63636932461953
4.63999999999995 2.65058832237881
4.64999999999995 2.66483135960536
4.65999999999995 2.67909837891502
4.66999999999994 2.69338932319575
4.67999999999994 2.70770413560566
4.68999999999994 2.72204275957111
4.69999999999994 2.73640513878483
4.70999999999994 2.75079121720406
4.71999999999994 2.76520093904871
4.72999999999994 2.77963424879948
4.73999999999994 2.79409109119608
4.74999999999994 2.80857141123542
4.75999999999994 2.82307515416981
4.76999999999994 2.83760226550526
4.77999999999994 2.8521526909996
4.78999999999994 2.86672637666089
4.79999999999994 2.88132326874559
4.80999999999994 2.89594331375692
4.81999999999994 2.91058645844311
4.82999999999994 2.92525264979583
4.83999999999994 2.93994183504842
4.84999999999994 2.95465396167431
4.85999999999994 2.96938897738537
4.86999999999994 2.98414683013031
4.87999999999994 2.99892746809309
4.88999999999994 3.01373083969129
4.89999999999994 3.0285568935746
4.90999999999994 3.04340557862319
4.91999999999994 3.05827684394625
4.92999999999994 3.07317063888042
4.93999999999994 3.08808691298823
4.94999999999994 3.1030256160567
4.95999999999994 3.11798669809576
4.96999999999994 3.13297010933682
4.97999999999994 3.14797580023129
4.98999999999994 3.16300372144913
4.99999999999994 3.17805382387743
5.00999999999994 3.19312605418244
5.01999999999994 3.20822037258221
5.02999999999994 3.22333672614202
5.03999999999994 3.23847506660328
5.04999999999994 3.25363534591755
5.05999999999994 3.26881751624512
5.06999999999994 3.2840215299537
5.07999999999994 3.29924733961703
5.08999999999994 3.31449489801362
5.09999999999994 3.32976415812534
5.10999999999994 3.34505507313621
5.11999999999994 3.36036759643103
5.12999999999994 3.37570168159412
5.13999999999993 3.39105728240808
5.14999999999993 3.40643435285249
5.15999999999993 3.42183284710263
5.16999999999993 3.43725271952831
5.17999999999993 3.45269392469258
5.18999999999993 3.46815641735056
5.19999999999993 3.48364015244817
5.20999999999993 3.49914508512096
5.21999999999993 3.51467117069295
5.22999999999993 3.53021836467539
5.23999999999993 3.54578662276564
5.24999999999993 3.56137590084594
5.25999999999993 3.57698615498236
5.26999999999993 3.59261734142359
5.27999999999993 3.60826941659979
5.28999999999993 3.62394233712153
5.29999999999993 3.63963605977863
5.30999999999993 3.65535054153906
5.31999999999993 3.67108573954788
5.32999999999993 3.6868416111261
5.33999999999993 3.70261811376961
5.34999999999993 3.71841520514818
5.35999999999993 3.73423284310432
5.36999999999993 3.75007098565223
5.37999999999993 3.76592959097682
5.38999999999993 3.78180861743261
5.39999999999993 3.79770802354276
5.40999999999993 3.81362776799797
5.41999999999993 3.82956780965558
5.42999999999993 3.84552810753846
5.43999999999993 3.86150862083408
5.44999999999993 3.87750930889352
5.45999999999993 3.89353013123047
5.46999999999993 3.90957104752024
5.47999999999993 3.92563201759888
5.48999999999993 3.94171300146211
5.49999999999993 3.95781395926448
5.50999999999993 3.97393485131835
5.51999999999993 3.99007563809298
5.52999999999993 4.00623628021365
5.53999999999993 4.02241673846068
5.54999999999993 4.03861697376852
5.55999999999993 4.05483694722491
5.56999999999993 4.07107662006991
5.57999999999993 4.08733595369504
5.58999999999993 4.10361490964241
5.59999999999993 4.11991344960382
5.60999999999992 4.13623153541991
5.61999999999992 4.15256912907928
5.62999999999992 4.16892619271762
5.63999999999992 4.18530268861693
5.64999999999992 4.20169857920457
5.65999999999992 4.21811382705253
5.66999999999992 4.23454839487651
5.67999999999992 4.25100224553517
5.68999999999992 4.26747534202925
5.69999999999992 4.28396764750079
5.70999999999992 4.30047912523234
5.71999999999992 4.31700973864613
5.72999999999992 4.33355945130327
5.73999999999992 4.35012822690301
5.74999999999992 4.36671602928192
5.75999999999992 4.38332282241309
5.76999999999992 4.39994857040546
5.77999999999992 4.41659323750292
5.78999999999992 4.43325678808367
5.79999999999992 4.44993918665939
5.80999999999992 4.46664039787454
5.81999999999992 4.48336038650558
5.82999999999992 4.50009911746027
5.83999999999992 4.51685655577691
5.84999999999992 4.53363266662365
5.85999999999992 4.55042741529772
5.86999999999992 4.56724076722476
5.87999999999992 4.5840726879581
5.88999999999992 4.60092314317803
5.89999999999992 4.61779209869113
5.90999999999992 4.63467952042957
5.91999999999992 4.65158537445042
5.92999999999992 4.66850962693496
5.93999999999992 4.68545224418802
5.94999999999992 4.70241319263725
5.95999999999992 4.71939243883255
5.96999999999992 4.73638994944531
5.97999999999992 4.7534056912678
5.98999999999992 4.77043963121251
5.99999999999992 4.78749173631148
6.00999999999992 4.80456196927916
6.01999999999992 4.8216503062858
6.02999999999992 4.83875671025361
6.03999999999992 4.8558811486865
6.04999999999992 4.87302358920476
6.05999999999992 4.89018399954444
6.06999999999992 4.90736234755674
6.07999999999991 4.92455860120738
6.08999999999991 4.941772728576
6.09999999999991 4.95900469785557
6.10999999999991 4.97625447735177
6.11999999999991 4.99352203548239
6.12999999999991 5.01080734077675
6.13999999999991 5.02811036187511
6.14999999999991 5.04543106752808
6.15999999999991 5.06276942659605
6.16999999999991 5.08012540804859
6.17999999999991 5.09749898096392
6.18999999999991 5.1148901145283
6.19999999999991 5.1322987780355
6.20999999999991 5.14972494088619
6.21999999999991 5.16716857258745
6.22999999999991 5.18462964275218
6.23999999999991 5.20210812109854
6.24999999999991 5.21960397744942
6.25999999999991 5.23711718173193
6.26999999999991 5.25464770397681
6.27999999999991 5.27219551431791
6.28999999999991 5.28976058299169
6.29999999999991 5.30734288033666
6.30999999999991 5.32494237679286
6.31999999999991 5.34255904290138
6.32999999999991 5.3601928493038
6.33999999999991 5.37784376674167
6.34999999999991 5.39551176605605
6.35999999999991 5.41319681818698
6.36999999999991 5.43089889417295
6.37999999999991 5.44861796515046
6.38999999999991 5.46635400235347
6.39999999999991 5.48410697711293
6.40999999999991 5.50187686085631
6.41999999999991 5.51966362510708
6.42999999999991 5.53746724148425
6.43999999999991 5.55528768170188
6.44999999999991 5.57312491756863
6.45999999999991 5.59097892098723
6.46999999999991 5.60884966395408
6.47999999999991 5.62673711855875
6.48999999999991 5.6446412569835
6.49999999999991 5.66256205150285
6.50999999999991 5.68049947448312
6.51999999999991 5.69845349838193
6.52999999999991 5.71642409574785
6.53999999999991 5.73441123921982
6.5499999999999 5.75241490152682
6.5599999999999 5.77043505548735
6.5699999999999 5.78847167400905
6.5799999999999 5.80652473008821
6.5899999999999 5.82459419680937
6.5999999999999 5.84268004734487
6.6099999999999 5.86078225495447
6.6199999999999 5.87890079298482
6.6299999999999 5.89703563486917
6.6399999999999 5.91518675412684
6.6499999999999 5.93335412436287
6.6599999999999 5.95153771926757
6.6699999999999 5.96973751261612
6.6799999999999 5.98795347826818
6.6899999999999 6.00618559016744
6.6999999999999 6.02443382234125
6.7099999999999 6.04269814890021
6.7199999999999 6.06097854403778
6.7299999999999 6.07927498202987
6.7399999999999 6.09758743723443
6.7499999999999 6.11591588409112
6.7599999999999 6.13426029712085
6.7699999999999 6.15262065092542
6.7799999999999 6.17099692018716
6.7899999999999 6.18938907966852
6.7999999999999 6.20779710421171
6.8099999999999 6.2262209687383
6.8199999999999 6.24466064824887
6.8299999999999 6.26311611782261
6.8399999999999 6.28158735261699
6.8499999999999 6.30007432786736
6.8599999999999 6.31857701888659
6.8699999999999 6.33709540106471
6.8799999999999 6.35562944986858
6.8899999999999 6.37417914084147
6.8999999999999 6.39274444960275
6.9099999999999 6.41132535184752
6.9199999999999 6.42992182334628
6.9299999999999 6.44853383994455
6.9399999999999 6.46716137756252
6.9499999999999 6.48580441219474
6.9599999999999 6.50446291990976
6.9699999999999 6.52313687684977
6.9799999999999 6.54182625923029
6.9899999999999 6.56053104333981
6.9999999999999 6.57925120553949
7.00999999999989 6.59798671782623
7.01999999999989 6.61673756560648
7.02999999999989 6.63550372099265
7.03999999999989 6.65428516063317
7.04999999999989 6.67308186124746
7.05999999999989 6.69189379962561
7.06999999999989 6.71072095262809
7.07999999999989 6.72956329718539
7.08999999999989 6.74842081029775
7.09999999999989 6.76729346903478
7.10999999999989 6.78618125053522
7.11999999999989 6.80508413200657
7.12999999999989 6.82400209072482
7.13999999999989 6.84293510403411
7.14999999999989 6.86188314934645
7.15999999999989 6.88084620414143
7.16999999999989 6.89982424596584
7.17999999999989 6.91881725243347
7.18999999999989 6.93782520122476
7.19999999999989 6.95684807008649
7.20999999999989 6.97588583683152
7.21999999999989 6.99493847933848
7.22999999999989 7.01400597555149
7.23999999999989 7.03308830347982
7.24999999999989 7.05218544119768
7.25999999999989 7.07129736684389
7.26999999999989 7.09042405862158
7.27999999999989 7.10956549479796
7.28999999999989 7.12872165370398
7.29999999999989 7.14789251373409
7.30999999999989 7.16707805334593
7.31999999999989 7.18627825106009
7.32999999999989 7.20549308545982
7.33999999999989 7.22472253519075
7.34999999999989 7.2439665789606
7.35999999999989 7.26322519553895
7.36999999999989 7.28249836375697
7.37999999999989 7.3017860625071
7.38999999999989 7.32108827074286
7.39999999999989 7.3404049674785
7.40999999999989 7.35973613178883
7.41999999999989 7.37908174280889
7.42999999999989 7.39844177973372
7.43999999999989 7.41781622181809
7.44999999999989 7.43720504837625
7.45999999999989 7.45660823878168
7.46999999999989 7.47602577246683
7.47999999999988 7.49545762892288
7.48999999999988 7.51490378769944
7.49999999999988 7.53436422840439
7.50999999999988 7.55383893070354
7.51999999999988 7.57332787432044
7.52999999999988 7.59283103903613
7.53999999999988 7.61234840468887
7.54999999999988 7.63187995117392
7.55999999999988 7.6514256584433
7.56999999999988 7.67098550650551
7.57999999999988 7.69055947542538
7.58999999999988 7.71014754532372
7.59999999999988 7.7297496963772
7.60999999999988 7.74936590881801
7.61999999999988 7.76899616293368
7.62999999999988 7.78864043906689
7.63999999999988 7.80829871761513
7.64999999999988 7.82797097903058
7.65999999999988 7.84765720381981
7.66999999999988 7.8673573725436
7.67999999999988 7.88707146581667
7.68999999999988 7.90679946430751
7.69999999999988 7.92654134873811
7.70999999999988 7.94629709988374
7.71999999999988 7.96606669857278
7.72999999999988 7.98585012568645
7.73999999999988 8.00564736215859
7.74999999999988 8.0254583889755
7.75999999999988 8.04528318717566
7.76999999999988 8.06512173784954
7.77999999999988 8.08497402213941
7.78999999999988 8.10484002123907
7.79999999999988 8.12471971639372
7.80999999999988 8.14461308889967
7.81999999999988 8.16452012010418
7.82999999999988 8.18444079140525
7.83999999999988 8.2043750842514
7.84999999999988 8.22432298014144
7.85999999999988 8.24428446062432
7.86999999999988 8.26425950729892
7.87999999999988 8.28424810181378
7.88999999999988 8.30425022586698
7.89999999999988 8.3242658612059
7.90999999999988 8.34429498962705
7.91999999999988 8.3643375929758
7.92999999999988 8.3843936531463
7.93999999999988 8.40446315208117
7.94999999999987 8.42454607177138
7.95999999999987 8.44464239425603
7.96999999999987 8.46475210162214
7.97999999999987 8.48487517600451
7.98999999999987 8.50501159958548
7.99999999999987 8.52516135459474
8.00999999999987 8.54532441887267
8.01999999999987 8.56550078364414
8.02999999999987 8.58569042681517
8.03999999999987 8.60589333080307
8.04999999999987 8.62610947807158
8.05999999999987 8.64633885113071
8.06999999999987 8.66658143253651
8.07999999999987 8.68683720489097
8.08999999999987 8.70710615084173
8.09999999999987 8.72738825308199
8.10999999999987 8.74768349435031
8.11999999999987 8.7679918574304
8.12999999999987 8.78831332515096
8.13999999999987 8.80864788038554
8.14999999999987 8.82899550605231
8.15999999999987 8.84935618511392
8.16999999999987 8.86972990057731
8.17999999999987 8.89011663549354
8.18999999999987 8.91051637295765
8.19999999999987 8.93092909610844
8.20999999999987 8.95135478812832
8.21999999999987 8.97179343224316
8.22999999999987 8.9922450117221
8.23999999999987 9.01270950987739
8.24999999999987 9.0331869100642
8.25999999999987 9.05367719568054
8.26999999999987 9.07418035016696
8.27999999999987 9.0946963570065
8.28999999999987 9.11522519972449
8.29999999999987 9.13576686188837
8.30999999999987 9.15632132710756
8.31999999999987 9.17688857903326
8.32999999999987 9.19746860135833
8.33999999999987 9.21806137781711
8.34999999999987 9.23866689218528
8.35999999999987 9.25928512827968
8.36999999999987 9.27991606995816
8.37999999999987 9.30055970111943
8.38999999999987 9.32121600570291
8.39999999999987 9.34188496768857
8.40999999999987 9.36256657109677
8.41999999999986 9.38326079998813
8.42999999999986 9.40396763846333
8.43999999999986 9.42468707066303
8.44999999999986 9.44541908076766
8.45999999999986 9.4661636529973
8.46999999999986 9.4869207716115
8.47999999999986 9.5076904209092
8.48999999999986 9.52847258522851
8.49999999999986 9.5492672489466
8.50999999999986 9.57007439647952
8.51999999999986 9.59089401228213
8.52999999999986 9.61172608084787
8.53999999999986 9.63257058670868
8.54999999999986 9.6534275144348
8.55999999999986 9.67429684863467
8.56999999999986 9.69517857395481
8.57999999999986 9.7160726750796
8.58999999999986 9.7369791367312
8.59999999999986 9.75789794366942
8.60999999999986 9.77882908069154
8.61999999999986 9.79977253263218
8.62999999999986 9.82072828436319
8.63999999999986 9.8416963207935
8.64999999999986 9.86267662686896
8.65999999999986 9.88366918757225
8.66999999999986 9.9046739879227
8.67999999999986 9.92569101297619
8.68999999999986 9.94672024782501
8.69999999999986 9.96776167759768
8.70999999999986 9.98881528745892
8.71999999999986 10.0098810626094
8.72999999999986 10.0309589882857
8.73999999999986 10.0520490497602
8.74999999999986 10.0731512323407
8.75999999999986 10.0942655213707
8.76999999999986 10.115391902229
8.77999999999986 10.1365303603296
8.78999999999986 10.1576808811217
8.79999999999986 10.1788434500892
8.80999999999986 10.2000180527512
8.81999999999986 10.2212046746613
8.82999999999986 10.2424033014079
8.83999999999986 10.2636139186137
8.84999999999986 10.2848365119357
8.85999999999986 10.3060710670654
8.86999999999986 10.3273175697282
8.87999999999986 10.3485760056835
8.88999999999985 10.3698463607247
8.89999999999985 10.3911286206788
8.90999999999985 10.4124227714065
8.91999999999985 10.4337287988021
8.92999999999985 10.455046688793
8.93999999999985 10.4763764273402
8.94999999999985 10.4977180004376
8.95999999999985 10.5190713941123
8.96999999999985 10.5404365944242
8.97999999999985 10.5618135874662
8.98999999999985 10.5832023593636
8.99999999999985 10.6046028962745
9.00999999999985 10.6260151799529
9.01999999999985 10.6474392055225
9.02999999999985 10.6688749547738
9.03999999999985 10.6903224139939
9.04999999999985 10.711781569502
9.05999999999985 10.7332524076492
9.06999999999985 10.7547349148183
9.07999999999985 10.7762290774239
9.08999999999985 10.7977348819121
9.09999999999985 10.8192523147603
9.10999999999985 10.8407813624776
9.11999999999985 10.8623220116039
9.12999999999985 10.8838742487106
9.13999999999985 10.9054380603999
9.14999999999985 10.927013433305
9.15999999999985 10.9486003540899
9.16999999999985 10.9701988094492
9.17999999999985 10.9918087861081
9.18999999999985 11.0134302708226
9.19999999999985 11.0350632503786
9.20999999999985 11.0567077115926
9.21999999999985 11.0783636413112
9.22999999999985 11.100031026411
9.23999999999985 11.1217098537987
9.24999999999985 11.1434001104107
9.25999999999985 11.1651017832134
9.26999999999985 11.1868148592025
9.27999999999985 11.2085393254036
9.28999999999985 11.2302751688716
9.29999999999985 11.2520223766909
9.30999999999985 11.2737809359748
9.31999999999985 11.2955508338663
9.32999999999985 11.317332057537
9.33999999999985 11.3391245941877
9.34999999999985 11.360928431048
9.35999999999984 11.3827435553762
9.36999999999984 11.4045699544595
9.37999999999984 11.4264076156134
9.38999999999984 11.448256526182
9.39999999999984 11.4701166735378
9.40999999999984 11.4919880450816
9.41999999999984 11.5138706282423
9.42999999999984 11.535764410477
9.43999999999984 11.5576693792708
9.44999999999984 11.5795855221367
9.45999999999984 11.6015128266154
9.46999999999984 11.6234512802754
9.47999999999984 11.645400870713
9.48999999999984 11.6673615855517
9.49999999999984 11.6893334124428
9.50999999999984 11.7113163390647
9.51999999999984 11.7333103531233
9.52999999999984 11.7553154423514
9.53999999999984 11.7773315945091
9.54999999999984 11.7993587973834
9.55999999999984 11.8213970387883
9.56999999999984 11.8434463065644
9.57999999999984 11.8655065885794
9.58999999999984 11.8875778727273
9.59999999999984 11.9096601469288
9.60999999999984 11.9317533991311
9.61999999999984 11.9538576173077
9.62999999999984 11.9759727894585
9.63999999999984 11.9980989036094
9.64999999999984 12.0202359478127
9.65999999999984 12.0423839101465
9.66999999999984 12.0645427787151
9.67999999999984 12.0867125416484
9.68999999999984 12.1088931871022
9.69999999999984 12.1310847032582
9.70999999999984 12.1532870783233
9.71999999999984 12.1755003005302
9.72999999999984 12.1977243581372
9.73999999999984 12.2199592394276
9.74999999999984 12.2422049327102
9.75999999999984 12.264461426319
9.76999999999984 12.2867287086131
9.77999999999984 12.3090067679766
9.78999999999984 12.3312955928187
9.79999999999984 12.3535951715733
9.80999999999984 12.3759054926992
9.81999999999984 12.39822654468
9.82999999999983 12.4205583160237
9.83999999999983 12.4429007952631
9.84999999999983 12.4652539709555
9.85999999999983 12.4876178316823
9.86999999999983 12.5099923660496
9.87999999999983 12.5323775626875
9.88999999999983 12.5547734102504
9.89999999999983 12.5771798974168
9.90999999999983 12.5995970128892
9.91999999999983 12.6220247453939
9.92999999999983 12.6444630836813
9.93999999999983 12.6669120165255
9.94999999999983 12.6893715327243
9.95999999999983 12.711841621099
9.96999999999983 12.7343222704948
9.97999999999983 12.7568134697802
9.98999999999983 12.7793152078471
9.99999999999983 12.8018274736107
10.0099999999998 12.8243502560096
10.0199999999998 12.8468835440056
10.0299999999998 12.8694273265835
10.0399999999998 12.8919815927512
10.0499999999998 12.9145463315398
10.0599999999998 12.9371215320029
10.0699999999998 12.9597071832172
10.0799999999998 12.9823032742823
10.0899999999998 13.0049097943201
10.0999999999998 13.0275267324754
10.1099999999998 13.0501540779156
10.1199999999998 13.0727918198303
10.1299999999998 13.0954399474319
10.1399999999998 13.1180984499548
10.1499999999998 13.1407673166558
10.1599999999998 13.1634465368141
10.1699999999998 13.1861360997307
10.1799999999998 13.2088359947288
10.1899999999998 13.2315462111538
10.1999999999998 13.2542667383727
10.2099999999998 13.2769975657746
10.2199999999998 13.2997386827703
10.2299999999998 13.3224900787924
10.2399999999998 13.3452517432952
10.2499999999998 13.3680236657543
10.2599999999998 13.3908058356672
10.2699999999998 13.4135982425527
10.2799999999998 13.4364008759511
10.2899999999998 13.4592137254238
10.2999999999998 13.4820367805537
10.3099999999998 13.5048700309448
10.3199999999998 13.5277134662223
10.3299999999998 13.5505670760325
10.3399999999998 13.5734308500425
10.3499999999998 13.5963047779406
10.3599999999998 13.6191888494359
10.3699999999998 13.6420830542583
10.3799999999998 13.6649873821585
10.3899999999998 13.6879018229077
10.3999999999998 13.7108263662981
10.4099999999998 13.7337610021422
10.4199999999998 13.7567057202729
10.4299999999998 13.779660510544
10.4399999999998 13.8026253628292
10.4499999999998 13.8256002670228
10.4599999999998 13.8485852130393
10.4699999999998 13.8715801908133
10.4799999999998 13.8945851902997
10.4899999999998 13.9176002014735
10.4999999999998 13.9406252143294
10.5099999999998 13.9636602188825
10.5199999999998 13.9867052051676
10.5299999999998 14.0097601632391
10.5399999999998 14.0328250831717
10.5499999999998 14.0558999550593
10.5599999999998 14.0789847690159
10.5699999999998 14.1020795151748
10.5799999999998 14.1251841836889
10.5899999999998 14.1482987647308
10.5999999999998 14.1714232484924
10.6099999999998 14.1945576251847
10.6199999999998 14.2177018850386
10.6299999999998 14.2408560183037
10.6399999999998 14.2640200152491
10.6499999999998 14.287193866163
10.6599999999998 14.3103775613527
10.6699999999998 14.3335710911444
10.6799999999998 14.3567744458835
10.6899999999998 14.3799876159343
10.6999999999998 14.4032105916796
10.7099999999998 14.4264433635215
10.7199999999998 14.4496859218806
10.7299999999998 14.4729382571962
10.7399999999998 14.4962003599264
10.7499999999998 14.5194722205477
10.7599999999998 14.5427538295552
10.7699999999998 14.5660451774626
10.7799999999998 14.5893462548019
10.7899999999998 14.6126570521235
10.7999999999998 14.6359775599961
10.8099999999998 14.6593077690068
10.8199999999998 14.6826476697608
10.8299999999998 14.7059972528815
10.8399999999998 14.7293565090104
10.8499999999998 14.752725428807
10.8599999999998 14.7761040029489
10.8699999999998 14.7994922221317
10.8799999999998 14.8228900770688
10.8899999999998 14.8462975584915
10.8999999999998 14.8697146571488
10.9099999999998 14.8931413638075
10.9199999999998 14.9165776692523
10.9299999999998 14.9400235642853
10.9399999999998 14.9634790397263
10.9499999999998 14.9869440864125
10.9599999999998 15.0104186951989
10.9699999999998 15.0339028569576
10.9799999999998 15.0573965625783
10.9899999999998 15.0808998029681
10.9999999999998 15.1044125690513
11.0099999999998 15.1279348517693
11.0199999999998 15.151466642081
11.0299999999998 15.1750079309623
11.0399999999998 15.1985587094061
11.0499999999998 15.2221189684226
11.0599999999998 15.2456886990387
11.0699999999998 15.2692678922985
11.0799999999998 15.292856539263
11.0899999999998 15.3164546310098
11.0999999999998 15.3400621586337
11.1099999999998 15.363679113246
11.1199999999998 15.3873054859747
11.1299999999998 15.4109412679647
11.1399999999998 15.4345864503772
11.1499999999998 15.4582410243903
11.1599999999998 15.4819049811985
11.1699999999998 15.5055783120126
11.1799999999998 15.5292610080602
11.1899999999998 15.552953060585
11.1999999999998 15.5766544608472
11.2099999999998 15.6003652001233
11.2199999999998 15.6240852697058
11.2299999999998 15.6478146609039
11.2399999999998 15.6715533650424
11.2499999999998 15.6953013734627
11.2599999999998 15.719058677522
11.2699999999998 15.7428252685936
11.2799999999998 15.7666011380668
11.2899999999998 15.7903862773469
11.2999999999998 15.8141806778548
11.3099999999998 15.8379843310278
11.3199999999998 15.8617972283185
11.3299999999998 15.8856193611954
11.3399999999998 15.909450721143
11.3499999999998 15.933291299661
11.3599999999998 15.9571410882652
11.3699999999998 15.9810000784867
11.3799999999998 16.0048682618722
11.3899999999998 16.028745629984
11.3999999999998 16.0526321743997
11.4099999999998 16.0765278867126
11.4199999999998 16.1004327585311
11.4299999999998 16.124346781479
11.4399999999998 16.1482699471954
11.4499999999998 16.1722022473349
11.4599999999998 16.1961436735669
11.4699999999998 16.2200942175763
11.4799999999998 16.2440538710629
11.4899999999998 16.2680226257418
11.4999999999998 16.2920004733429
11.5099999999998 16.3159874056113
11.5199999999998 16.339983414307
11.5299999999998 16.3639884912049
11.5399999999998 16.3880026280949
11.5499999999998 16.4120258167816
11.5599999999998 16.4360580490845
11.5699999999998 16.4600993168377
11.5799999999998 16.4841496118902
11.5899999999998 16.5082089261057
11.5999999999998 16.5322772513624
11.6099999999998 16.5563545795532
11.6199999999998 16.5804409025856
11.6299999999998 16.6045362123814
11.6399999999998 16.6286405008772
11.6499999999998 16.6527537600238
11.6599999999998 16.6768759817866
11.6699999999998 16.7010071581452
11.6799999999998 16.7251472810937
11.6899999999998 16.7492963426403
11.6999999999998 16.7734543348076
11.7099999999998 16.7976212496324
11.7199999999998 16.8217970791657
11.7299999999998 16.8459818154725
11.7399999999998 16.8701754506321
11.7499999999998 16.8943779767377
11.7599999999998 16.9185893858966
11.7699999999998 16.94280967023
11.7799999999998 16.9670388218734
11.7899999999998 16.9912768329757
11.7999999999998 17.0155236957001
11.8099999999998 17.0397794022234
11.8199999999998 17.0640439447363
11.8299999999998 17.0883173154433
11.8399999999998 17.1125995065626
11.8499999999998 17.1368905103261
11.8599999999998 17.1611903189792
11.8699999999998 17.1854989247813
11.8799999999998 17.2098163200051
11.8899999999998 17.2341424969369
11.8999999999998 17.2584774478765
11.9099999999998 17.2828211651373
11.9199999999998 17.3071736410461
11.9299999999998 17.331534867943
11.9399999999998 17.3559048381817
11.9499999999998 17.380283544129
11.9599999999998 17.4046709781651
11.9699999999998 17.4290671326835
11.9799999999998 17.453472000091
11.9899999999998 17.4778855728074
11.9999999999998 17.502307843266
12.0099999999998 17.5267388039129
12.0199999999998 17.5511784472075
12.0299999999998 17.5756267656221
12.0399999999998 17.6000837516422
12.0499999999998 17.6245493977662
12.0599999999998 17.6490236965056
12.0699999999998 17.6735066403847
12.0799999999998 17.6979982219407
12.0899999999998 17.7224984337237
12.0999999999998 17.7470072682966
12.1099999999998 17.7715247182351
12.1199999999998 17.7960507761279
12.1299999999998 17.820585434576
12.1399999999998 17.8451286861934
12.1499999999998 17.8696805236067
12.1599999999998 17.8942409394552
12.1699999999998 17.9188099263906
12.1799999999998 17.9433874770774
12.1899999999998 17.9679735841924
12.1999999999998 17.9925682404253
12.2099999999998 18.0171714384778
12.2199999999998 18.0417831710644
12.2299999999998 18.0664034309117
12.2399999999998 18.091032210759
12.2499999999998 18.1156695033578
12.2599999999998 18.1403153014719
12.2699999999998 18.1649695978773
12.2799999999998 18.1896323853625
12.2899999999998 18.214303656728
12.2999999999998 18.2389834047865
12.3099999999998 18.263671622363
12.3199999999998 18.2883683022946
12.3299999999998 18.3130734374303
12.3399999999998 18.3377870206315
12.3499999999998 18.3625090447714
12.3599999999998 18.3872395027352
12.3699999999998 18.4119783874201
12.3799999999998 18.4367256917355
12.3899999999998 18.4614814086023
12.3999999999998 18.4862455309536
12.4099999999998 18.5110180517341
12.4199999999998 18.5357989639007
12.4299999999998 18.5605882604217
12.4399999999998 18.5853859342774
12.4499999999998 18.6101919784598
12.4599999999998 18.6350063859726
12.4699999999998 18.659829149831
12.4799999999998 18.6846602630622
12.4899999999998 18.7094997187048
12.4999999999998 18.7343475098089
12.5099999999998 18.7592036294364
12.5199999999998 18.7840680706606
12.5299999999998 18.8089408265664
12.5399999999998 18.83382189025
12.5499999999998 18.8587112548192
12.5599999999998 18.8836089133931
12.5699999999998 18.9085148591024
12.5799999999998 18.933429085089
12.5899999999998 18.9583515845061
12.5999999999998 18.9832823505182
12.6099999999998 19.0082213763013
12.6199999999998 19.0331686550425
12.6299999999998 19.05812417994
12.6399999999998 19.0830879442034
12.6499999999998 19.1080599410534
12.6599999999998 19.1330401637218
12.6699999999998 19.1580286054516
12.6799999999998 19.1830252594967
12.6899999999998 19.2080301191223
12.6999999999998 19.2330431776045
12.7099999999998 19.2580644282303
12.7199999999998 19.283093864298
12.7299999999998 19.3081314791165
12.7399999999998 19.3331772660058
12.7499999999998 19.3582312182969
12.7599999999998 19.3832933293313
12.7699999999998 19.4083635924618
12.7799999999998 19.4334420010517
12.7899999999998 19.4585285484752
12.7999999999998 19.4836232281173
12.8099999999998 19.5087260333737
12.8199999999998 19.5338369576507
12.8299999999998 19.5589559943655
12.8399999999998 19.5840831369458
12.8499999999998 19.6092183788301
12.8599999999998 19.6343617134672
12.8699999999998 19.6595131343168
12.8799999999998 19.6846726348491
12.8899999999998 19.7098402085447
12.8999999999998 19.7350158488947
12.9099999999998 19.7601995494009
12.9199999999998 19.7853913035754
12.9299999999998 19.8105911049406
12.9399999999998 19.8357989470296
12.9499999999998 19.8610148233857
12.9599999999998 19.8862387275625
12.9699999999998 19.9114706531241
12.9799999999998 19.9367105936449
12.9899999999998 19.9619585427093
12.9999999999998 19.9872144939123
13.0099999999998 20.012478440859
13.0199999999998 20.0377503771646
13.0299999999998 20.0630302964547
13.0399999999998 20.0883181923649
13.0499999999998 20.1136140585409
13.0599999999998 20.1389178886386
13.0699999999998 20.1642296763241
13.0799999999998 20.1895494152734
13.0899999999998 20.2148770991725
13.0999999999998 20.2402127217175
13.1099999999998 20.2655562766145
13.1199999999998 20.2909077575795
13.1299999999998 20.3162671583385
13.1399999999998 20.3416344726275
13.1499999999998 20.3670096941922
13.1599999999998 20.3923928167884
13.1699999999998 20.4177838341814
13.1799999999998 20.4431827401468
13.1899999999998 20.4685895284696
13.1999999999998 20.4940041929447
13.2099999999998 20.519426727377
13.2199999999998 20.5448571255807
13.2299999999998 20.5702953813801
13.2399999999998 20.5957414886089
13.2499999999998 20.6211954411106
13.2599999999998 20.6466572327384
13.2699999999998 20.6721268573551
13.2799999999998 20.6976043088329
13.2899999999998 20.7230895810537
13.2999999999998 20.7485826679092
13.3099999999998 20.7740835633002
13.3199999999998 20.7995922611373
13.3299999999998 20.8251087553405
13.3399999999998 20.8506330398393
13.3499999999998 20.8761651085725
13.3599999999998 20.9017049554884
13.3699999999998 20.9272525745449
13.3799999999998 20.9528079597089
13.3899999999998 20.978371104957
13.3999999999998 21.0039420042749
13.4099999999998 21.0295206516577
13.4199999999998 21.0551070411098
13.4299999999998 21.0807011666449
13.4399999999998 21.1063030222857
13.4499999999998 21.1319126020646
13.4599999999998 21.1575299000227
13.4699999999998 21.1831549102106
13.4799999999998 21.2087876266879
13.4899999999998 21.2344280435235
13.4999999999998 21.2600761547953
13.5099999999998 21.2857319545903
13.5199999999998 21.3113954370045
13.5299999999998 21.3370665961432
13.5399999999998 21.3627454261205
13.5499999999998 21.3884319210597
13.5599999999998 21.4141260750929
13.5699999999998 21.4398278823612
13.5799999999998 21.4655373370149
13.5899999999998 21.4912544332129
13.5999999999998 21.5169791651233
13.6099999999998 21.5427115269229
13.6199999999998 21.5684515127973
13.6299999999998 21.5941991169412
13.6399999999998 21.619954333558
13.6499999999998 21.64571715686
13.6599999999998 21.671487581068
13.6699999999998 21.6972656004119
13.6799999999998 21.7230512091302
13.6899999999998 21.7488444014701
13.6999999999998 21.7746451716877
13.7099999999998 21.8004535140476
13.7199999999998 21.8262694228231
13.7299999999998 21.8520928922962
13.7399999999998 21.8779239167574
13.7499999999998 21.9037624905061
13.7599999999998 21.9296086078501
13.7699999999998 21.9554622631057
13.7799999999998 21.9813234505978
13.7899999999998 22.00719216466
13.7999999999998 22.0330683996342
13.8099999999998 22.058952149871
13.8199999999997 22.0848434097292
13.8299999999997 22.1107421735764
13.8399999999997 22.1366484357884
13.8499999999997 22.1625621907494
13.8599999999997 22.1884834328522
13.8699999999997 22.2144121564978
13.8799999999997 22.2403483560957
13.8899999999997 22.2662920260636
13.8999999999997 22.2922431608277
13.9099999999997 22.3182017548222
13.9199999999997 22.3441678024901
13.9299999999997 22.3701412982821
13.9399999999997 22.3961222366576
13.9499999999997 22.422110612084
13.9599999999997 22.448106419037
13.9699999999997 22.4741096520004
13.9799999999997 22.5001203054663
13.9899999999997 22.5261383739348
13.9999999999997 22.5521638519145
14.0099999999997 22.5781967339216
14.0199999999997 22.6042370144809
14.0299999999997 22.6302846881249
14.0399999999997 22.6563397493944
14.0499999999997 22.6824021928383
14.0599999999997 22.7084720130133
14.0699999999997 22.7345492044843
14.0799999999997 22.7606337618242
14.0899999999997 22.7867256796137
14.0999999999997 22.8128249524417
14.1099999999997 22.8389315749049
14.1199999999997 22.865045541608
14.1299999999997 22.8911668471636
14.1399999999997 22.9172954861921
14.1499999999997 22.9434314533219
14.1599999999997 22.9695747431892
14.1699999999997 22.9957253504381
14.1799999999997 23.0218832697204
14.1899999999997 23.0480484956959
14.1999999999997 23.074221023032
14.2099999999997 23.1004008464039
14.2199999999997 23.1265879604948
14.2299999999997 23.1527823599954
14.2399999999997 23.178984039604
14.2499999999997 23.205192994027
14.2599999999997 23.2314092179782
14.2699999999997 23.2576327061792
14.2799999999997 23.283863453359
14.2899999999997 23.3101014542547
14.2999999999997 23.3363467036107
14.3099999999997 23.3625991961789
14.3199999999997 23.3888589267192
14.3299999999997 23.4151258899988
14.3399999999997 23.4414000807923
14.3499999999997 23.4676814938823
14.3599999999997 23.4939701240585
14.3699999999997 23.5202659661183
14.3799999999997 23.5465690148666
14.3899999999997 23.5728792651157
14.3999999999997 23.5991967116854
14.4099999999997 23.625521349403
14.4199999999997 23.6518531731031
14.4299999999997 23.6781921776278
14.4399999999997 23.7045383578266
14.4499999999997 23.7308917085564
14.4599999999997 23.7572522246813
14.4699999999997 23.783619901073
14.4799999999997 23.8099947326104
14.4899999999997 23.8363767141796
14.4999999999997 23.8627658406742
14.5099999999997 23.889162106995
14.5199999999997 23.9155655080502
14.5299999999997 23.9419760387549
14.5399999999997 23.9683936940318
14.5499999999997 23.9948184688107
14.5599999999997 24.0212503580286
14.5699999999997 24.0476893566297
14.5799999999997 24.0741354595654
14.5899999999997 24.1005886617941
14.5999999999997 24.1270489582817
14.6099999999997 24.1535163440008
14.6199999999997 24.1799908139315
14.6299999999997 24.2064723630607
14.6399999999997 24.2329609863827
14.6499999999997 24.2594566788985
14.6599999999997 24.2859594356165
14.6699999999997 24.3124692515519
14.6799999999997 24.338986121727
14.6899999999997 24.3655100411712
14.6999999999997 24.3920410049209
14.7099999999997 24.4185790080192
14.7199999999997 24.4451240455165
14.7299999999997 24.4716761124701
14.7399999999997 24.498235203944
14.7499999999997 24.5248013150094
14.7599999999997 24.5513744407443
14.7699999999997 24.5779545762336
14.7799999999997 24.6045417165691
14.7899999999997 24.6311358568494
14.7999999999997 24.6577369921799
14.8099999999997 24.6843451176731
14.8199999999997 24.7109602284481
14.8299999999997 24.7375823196309
14.8399999999997 24.7642113863541
14.8499999999997 24.7908474237574
14.8599999999997 24.817490426987
14.8699999999997 24.8441403911961
14.8799999999997 24.8707973115443
14.8899999999997 24.8974611831983
14.8999999999997 24.9241320013312
14.9099999999997 24.950809761123
14.9199999999997 24.9774944577602
14.9299999999997 25.0041860864362
14.9399999999997 25.0308846423508
14.9499999999997 25.0575901207107
14.9599999999997 25.084302516729
14.9699999999997 25.1110218256256
14.9799999999997 25.1377480426268
14.9899999999997 25.1644811629656
14.9999999999997 25.1912211818817
15.0099999999997 25.217968094621
15.0199999999997 25.2447218964363
15.0299999999997 25.2714825825869
15.0399999999997 25.2982501483383
15.0499999999997 25.3250245889628
15.0599999999997 25.3518058997392
15.0699999999997 25.3785940759526
15.0799999999997 25.4053891128946
15.0899999999997 25.4321910058634
15.0999999999997 25.4589997501636
15.1099999999997 25.485815341106
15.1199999999997 25.5126377740081
15.1299999999997 25.5394670441936
15.1399999999997 25.5663031469927
15.1499999999997 25.593146077742
15.1599999999997 25.6199958317843
15.1699999999997 25.6468524044688
15.1799999999997 25.6737157911512
15.1899999999997 25.7005859871933
15.1999999999997 25.7274629879633
15.2099999999997 25.7543467888358
15.2199999999997 25.7812373851914
15.2299999999997 25.8081347724173
15.2399999999997 25.8350389459068
15.2499999999997 25.8619499010593
15.2599999999997 25.8888676332807
15.2699999999997 25.9157921379829
15.2799999999997 25.9427234105842
15.2899999999997 25.969661446509
15.2999999999997 25.9966062411877
15.3099999999997 26.0235577900573
15.3199999999997 26.0505160885604
15.3299999999997 26.0774811321463
15.3399999999997 26.10445291627
15.3499999999997 26.1314314363929
15.3599999999997 26.1584166879823
15.3699999999997 26.1854086665118
15.3799999999997 26.2124073674608
15.3899999999997 26.2394127863151
15.3999999999997 26.2664249185662
15.4099999999997 26.2934437597121
15.4199999999997 26.3204693052564
15.4299999999997 26.3475015507089
15.4399999999997 26.3745404915854
15.4499999999997 26.4015861234078
15.4599999999997 26.4286384417037
15.4699999999997 26.455697442007
15.4799999999997 26.4827631198574
15.4899999999997 26.5098354708004
15.4999999999997 26.5369144903879
15.5099999999997 26.5640001741771
15.5199999999997 26.5910925177316
15.5299999999997 26.6181915166208
15.5399999999997 26.6452971664197
15.5499999999997 26.6724094627096
15.5599999999997 26.6995284010775
15.5699999999997 26.726653977116
15.5799999999997 26.753786186424
15.5899999999997 26.7809250246058
15.5999999999997 26.8080704872718
15.6099999999997 26.8352225700382
15.6199999999997 26.8623812685268
15.6299999999997 26.8895465783654
15.6399999999997 26.9167184951874
15.6499999999997 26.9438970146321
15.6599999999997 26.9710821323444
15.6699999999997 26.9982738439751
15.6799999999997 27.0254721451807
15.6899999999997 27.0526770316232
15.6999999999997 27.0798884989707
15.7099999999997 27.1071065428967
15.7199999999997 27.1343311590803
15.7299999999997 27.1615623432066
15.7399999999997 27.1888000909662
15.7499999999997 27.2160443980552
15.7599999999997 27.2432952601756
15.7699999999997 27.2705526730349
15.7799999999997 27.2978166323461
15.7899999999997 27.325087133828
15.7999999999997 27.3523641732049
15.8099999999997 27.3796477462068
15.8199999999997 27.406937848569
15.8299999999997 27.4342344760326
15.8399999999997 27.4615376243443
15.8499999999997 27.4888472892561
15.8599999999997 27.5161634665256
15.8699999999997 27.5434861519162
15.8799999999997 27.5708153411963
15.8899999999997 27.5981510301403
15.8999999999997 27.6254932145277
15.9099999999997 27.6528418901438
15.9199999999997 27.6801970527791
15.9299999999997 27.7075586982296
15.9399999999997 27.7349268222969
15.9499999999997 27.7623014207878
15.9599999999997 27.7896824895149
15.9699999999997 27.8170700242957
15.9799999999997 27.8444640209535
15.9899999999997 27.8718644753169
15.9999999999997 27.8992713832197
16.0099999999997 27.9266847405013
16.0199999999997 27.9541045430063
16.0299999999997 27.9815307865848
16.0399999999997 28.0089634670922
16.0499999999997 28.036402580389
16.0599999999997 28.0638481223413
16.0699999999997 28.0913000888205
16.0799999999997 28.1187584757031
16.0899999999997 28.146223278871
16.0999999999997 28.1736944942114
16.1099999999997 28.2011721176167
16.1199999999997 28.2286561449846
16.1299999999997 28.2561465722182
16.1399999999997 28.2836433952255
16.1499999999997 28.31114660992
16.1599999999997 28.3386562122203
16.1699999999997 28.3661721980502
16.1799999999997 28.3936945633388
16.1899999999997 28.4212233040202
16.1999999999997 28.448758416034
16.2099999999997 28.4762998953246
16.2199999999997 28.5038477378417
16.2299999999997 28.5314019395403
16.2399999999997 28.5589624963804
16.2499999999997 28.586529404327
16.2599999999997 28.6141026593505
16.2699999999997 28.6416822574262
16.2799999999997 28.6692681945345
16.2899999999997 28.696860466661
16.2999999999997 28.7244590697964
16.3099999999998 28.7520639999364
16.3199999999998 28.7796752530816
16.3299999999998 28.807292825238
16.3399999999998 28.8349167124163
16.3499999999998 28.8625469106325
16.3599999999998 28.8901834159074
16.3699999999998 28.9178262242671
16.3799999999998 28.9454753317423
16.3899999999998 28.9731307343691
16.3999999999998 29.0007924281884
16.4099999999998 29.0284604092459
16.4199999999998 29.0561346735926
16.4299999999998 29.0838152172842
16.4399999999998 29.1115020363816
16.4499999999998 29.1391951269503
16.4599999999998 29.166894485061
16.4699999999998 29.1946001067893
16.4799999999998 29.2223119882155
16.4899999999998 29.2500301254251
16.4999999999998 29.2777545145082
16.5099999999998 29.3054851515599
16.5199999999998 29.3332220326803
16.5299999999998 29.3609651539743
16.5399999999998 29.3887145115514
16.5499999999998 29.4164701015264
16.5599999999998 29.4442319200185
16.5699999999998 29.471999963152
16.5799999999998 29.4997742270559
16.5899999999998 29.5275547078642
16.5999999999998 29.5553414017153
16.6099999999998 29.5831343047528
16.6199999999998 29.610933413125
16.6299999999998 29.6387387229847
16.6399999999998 29.6665502304898
16.6499999999998 29.6943679318028
16.6599999999998 29.7221918230909
16.6699999999998 29.7500219005262
16.6799999999998 29.7778581602854
16.6899999999998 29.80570059855
16.6999999999998 29.8335492115062
16.7099999999998 29.8614039953447
16.7199999999998 29.8892649462612
16.7299999999998 29.917132060456
16.7399999999998 29.945005334134
16.7499999999998 29.9728847635048
16.7599999999998 30.0007703447826
16.7699999999998 30.0286620741864
16.7799999999998 30.0565599479398
16.7899999999998 30.0844639622709
16.7999999999998 30.1123741134125
16.8099999999998 30.1402903976022
16.8199999999998 30.1682128110819
16.8299999999998 30.1961413500983
16.8399999999998 30.2240760109027
16.8499999999998 30.2520167897509
16.8599999999998 30.2799636829033
16.8699999999998 30.3079166866248
16.8799999999998 30.335875797185
16.8899999999998 30.363841010858
16.8999999999998 30.3918123239224
16.9099999999998 30.4197897326613
16.9199999999998 30.4477732333625
16.9299999999998 30.4757628223181
16.9399999999998 30.5037584958249
16.9499999999999 30.5317602501841
16.9599999999999 30.5597680817013
16.9699999999999 30.5877819866868
16.9799999999999 30.6158019614553
16.9899999999999 30.6438280023258
16.9999999999999 30.6718601056219
17.0099999999999 30.6998982676718
17.0199999999999 30.7279424848078
17.0299999999999 30.755992753367
17.0399999999999 30.7840490696907
17.0499999999999 30.8121114301246
17.0599999999999 30.8401798310189
17.0699999999999 30.8682542687283
17.0799999999999 30.8963347396117
17.0899999999999 30.9244212400325
17.0999999999999 30.9525137663585
17.1099999999999 30.9806123149617
17.1199999999999 31.0087168822187
17.1299999999999 31.0368274645103
17.1399999999999 31.0649440582218
17.1499999999999 31.0930666597426
17.1599999999999 31.1211952654666
17.1699999999999 31.149329871792
17.1799999999999 31.1774704751214
17.1899999999999 31.2056170718615
17.1999999999999 31.2337696584235
17.2099999999999 31.2619282312228
17.2199999999999 31.2900927866791
17.2299999999999 31.3182633212164
17.2399999999999 31.3464398312629
17.2499999999999 31.3746223132513
17.2599999999999 31.4028107636181
17.2699999999999 31.4310051788045
17.2799999999999 31.4592055552558
17.2899999999999 31.4874118894214
17.2999999999999 31.515624177755
17.3099999999999 31.5438424167146
17.3199999999999 31.5720666027624
17.3299999999999 31.6002967323646
17.3399999999999 31.6285328019919
17.3499999999999 31.656774808119
17.3599999999999 31.6850227472248
17.3699999999999 31.7132766157924
17.3799999999999 31.741536410309
17.3899999999999 31.7698021272661
17.3999999999999 31.7980737631593
17.4099999999999 31.8263513144882
17.4199999999999 31.8546347777566
17.4299999999999 31.8829241494727
17.4399999999999 31.9112194261484
17.4499999999999 31.9395206043
17.4599999999999 31.9678276804478
17.4699999999999 31.9961406511162
17.4799999999999 32.0244595128337
17.4899999999999 32.0527842621329
17.4999999999999 32.0811148955506
17.5099999999999 32.1094514096274
17.5199999999999 32.1377938009081
17.5299999999999 32.1661420659417
17.5399999999999 32.194496201281
17.5499999999999 32.222856203483
17.5599999999999 32.2512220691087
17.5699999999999 32.2795937947231
17.5799999999999 32.3079713768952
17.59 32.3363548121982
17.6 32.364744097209
17.61 32.3931392285088
17.62 32.4215402026826
17.63 32.4499470163193
17.64 32.4783596660122
17.65 32.5067781483581
17.66 32.5352024599581
17.67 32.563632597417
17.68 32.5920685573436
17.69 32.6205103363509
17.7 32.6489579310556
17.71 32.6774113380783
17.72 32.7058705540436
17.73 32.7343355755802
17.74 32.7628063993203
17.75 32.7912830219004
17.76 32.8197654399606
17.77 32.8482536501452
17.78 32.8767476491021
17.79 32.9052474334831
17.8 32.9337529999441
17.81 32.9622643451447
17.82 32.9907814657482
17.83 33.0193043584222
17.84 33.0478330198376
17.85 33.0763674466696
17.86 33.1049076355968
17.87 33.1334535833021
17.88 33.1620052864719
17.89 33.1905627417963
17.9 33.2191259459696
17.91 33.2476948956896
17.92 33.276269587658
17.93 33.3048500185802
17.94 33.3334361851655
17.95 33.3620280841268
17.96 33.3906257121809
17.97 33.4192290660484
17.98 33.4478381424535
17.99 33.4764529381243
18 33.5050734497924
18.01 33.5336996741934
18.02 33.5623316080665
18.03 33.5909692481547
18.04 33.6196125912046
18.05 33.6482616339664
18.06 33.6769163731944
18.07 33.7055768056462
18.08 33.7342429280833
18.09 33.7629147372708
18.1 33.7915922299775
18.11 33.8202754029759
18.12 33.848964253042
18.13 33.8776587769557
18.14 33.9063589715003
18.15 33.9350648334631
18.16 33.9637763596346
18.17 33.9924935468092
18.18 34.0212163917849
18.19 34.0499448913634
18.2 34.0786790423496
18.21 34.1074188415526
18.22 34.1361642857847
18.2300000000001 34.1649153718619
18.2400000000001 34.1936720966038
18.2500000000001 34.2224344568336
18.2600000000001 34.251202449378
18.2700000000001 34.2799760710674
18.2800000000001 34.3087553187356
18.2900000000001 34.3375401892201
18.3000000000001 34.366330679362
18.3100000000001 34.3951267860056
18.3200000000001 34.4239285059992
18.3300000000001 34.4527358361943
18.3400000000001 34.4815487734462
18.3500000000001 34.5103673146134
18.3600000000001 34.5391914565582
18.3700000000001 34.5680211961463
18.3800000000001 34.5968565302468
18.3900000000001 34.6256974557325
18.4000000000001 34.6545439694796
18.4100000000001 34.6833960683677
18.4200000000001 34.7122537492802
18.4300000000001 34.7411170091034
18.4400000000001 34.7699858447277
18.4500000000001 34.7988602530466
18.4600000000001 34.8277402309571
18.4700000000001 34.8566257753597
18.4800000000001 34.8855168831583
18.4900000000001 34.9144135512603
18.5000000000001 34.9433157765766
18.5100000000001 34.9722235560214
18.5200000000001 35.0011368865123
18.5300000000001 35.0300557649704
18.5400000000001 35.0589801883203
18.5500000000001 35.0879101534898
18.5600000000001 35.1168456574103
18.5700000000001 35.1457866970164
18.5800000000001 35.1747332692463
18.5900000000001 35.2036853710414
18.6000000000001 35.2326429993465
18.6100000000001 35.26160615111
18.6200000000001 35.2905748232834
18.6300000000001 35.3195490128217
18.6400000000001 35.3485287166831
18.6500000000001 35.3775139318293
18.6600000000001 35.4065046552255
18.6700000000001 35.4355008838399
18.6800000000001 35.4645026146441
18.6900000000001 35.4935098446133
18.7000000000001 35.5225225707258
18.7100000000001 35.5515407899631
18.7200000000001 35.5805644993104
18.7300000000001 35.6095936957558
18.7400000000001 35.638628376291
18.7500000000001 35.6676685379107
18.7600000000001 35.6967141776133
18.7700000000001 35.7257652924001
18.7800000000001 35.7548218792759
18.7900000000001 35.7838839352487
18.8000000000001 35.8129514573297
18.8100000000001 35.8420244425335
18.8200000000001 35.8711028878778
18.8300000000001 35.9001867903839
18.8400000000001 35.9292761470758
18.8500000000001 35.9583709549813
18.8600000000001 35.987471211131
18.8700000000002 36.016576912559
18.8800000000002 36.0456880563025
18.8900000000002 36.0748046394019
18.9000000000002 36.103926658901
18.9100000000002 36.1330541118467
18.9200000000002 36.1621869952889
18.9300000000002 36.1913253062811
18.9400000000002 36.2204690418797
18.9500000000002 36.2496181991444
18.9600000000002 36.2787727751381
18.9700000000002 36.3079327669267
18.9800000000002 36.3370981715795
18.9900000000002 36.366268986169
19.0000000000002 36.3954452077705
19.0100000000002 36.424626833463
19.0200000000002 36.4538138603282
19.0300000000002 36.4830062854511
19.0400000000002 36.51220410592
19.0500000000002 36.541407318826
19.0600000000002 36.5706159212637
19.0700000000002 36.5998299103305
19.0800000000002 36.6290492831273
19.0900000000002 36.6582740367577
19.1000000000002 36.6875041683287
19.1100000000002 36.7167396749503
19.1200000000002 36.7459805537357
19.1300000000002 36.7752268018011
19.1400000000002 36.8044784162657
19.1500000000002 36.8337353942521
19.1600000000002 36.8629977328856
19.1700000000002 36.8922654292949
19.1800000000002 36.9215384806117
19.1900000000002 36.9508168839705
19.2000000000002 36.9801006365093
19.2100000000002 37.0093897353688
19.2200000000002 37.0386841776929
19.2300000000002 37.0679839606287
19.2400000000002 37.0972890813259
19.2500000000002 37.1265995369378
19.2600000000002 37.1559153246203
19.2700000000002 37.1852364415325
19.2800000000002 37.2145628848366
19.2900000000002 37.2438946516976
19.3000000000002 37.2732317392838
19.3100000000002 37.3025741447663
19.3200000000002 37.3319218653192
19.3300000000002 37.3612748981197
19.3400000000002 37.3906332403481
19.3500000000002 37.4199968891873
19.3600000000002 37.4493658418236
19.3700000000002 37.4787400954461
19.3800000000002 37.508119647247
19.3900000000002 37.5375044944211
19.4000000000002 37.5668946341667
19.4100000000002 37.5962900636847
19.4200000000002 37.625690780179
19.4300000000002 37.6550967808567
19.4400000000002 37.6845080629274
19.4500000000002 37.7139246236042
19.4600000000002 37.7433464601026
19.4700000000002 37.7727735696414
19.4800000000002 37.8022059494422
19.4900000000002 37.8316435967295
19.5000000000002 37.8610865087308
19.5100000000003 37.8905346826765
19.5200000000003 37.9199881157998
19.5300000000003 37.949446805337
19.5400000000003 37.9789107485271
19.5500000000003 38.0083799426121
19.5600000000003 38.037854384837
19.5700000000003 38.0673340724495
19.5800000000003 38.0968190027002
19.5900000000003 38.1263091728427
19.6000000000003 38.1558045801335
19.6100000000003 38.1853052218318
19.6200000000003 38.2148110951997
19.6300000000003 38.2443221975023
19.6400000000003 38.2738385260075
19.6500000000003 38.3033600779859
19.6600000000003 38.3328868507112
19.6700000000003 38.3624188414598
19.6800000000003 38.3919560475109
19.6900000000003 38.4214984661467
19.7000000000003 38.451046094652
19.7100000000003 38.4805989303146
19.7200000000003 38.5101569704251
19.7300000000003 38.5397202122769
19.7400000000003 38.5692886531661
19.7500000000003 38.5988622903918
19.7600000000003 38.6284411212559
19.7700000000003 38.6580251430628
19.7800000000003 38.6876143531201
19.7900000000003 38.7172087487379
19.8000000000003 38.7468083272293
19.8100000000003 38.7764130859099
19.8200000000003 38.8060230220984
19.8300000000003 38.835638133116
19.8400000000003 38.865258416287
19.8500000000003 38.894883868938
19.8600000000003 38.9245144883988
19.8700000000003 38.9541502720018
19.8800000000003 38.983791217082
19.8900000000003 39.0134373209773
19.9000000000003 39.0430885810284
19.9100000000003 39.0727449945786
19.9200000000003 39.1024065589741
19.9300000000003 39.1320732715636
19.9400000000003 39.1617451296987
19.9500000000003 39.1914221307337
19.9600000000003 39.2211042720256
19.9700000000003 39.2507915509341
19.9800000000003 39.2804839648216
19.9900000000003 39.3101815110533
